81 30 84 55 41 29 53 32 60 64 31 34 77 64 77 86 62 69 86 27 42 33 70 55 28 26 73 39 70 85 72 30 23 34 101 74 78 38 82 37 63 84 60 58 70 85 51 64 40 61 74 68 63 38 26 67 73 79 62 35 64 65 67 60 81 71 39 32 92 64 74 85 81 64 36 59 75 56 76 82 70 69 63 24 58 69 67 71 29 82 35 71 20 89 58 78 29 32 74 69
61 25 30 33 81 66 58 30 66 31 54 24 77 98 74 86 30 62 47 55 78 51 42 24 68 79 62 79 71 58 95 61 25 80 74 39 90 68 69 70 36 44 64 33 69 63 63 77 68 28 53 72 78 79 95 49 80 64 73 45 35 70 69 37 46 22 65 69 64 67 37 43 78 74 99 58 94 33 57 96 87 59 74 71 52 87 50 88 82 31 81 43 73 35 56 30 76 76 29 56
67 62 72 81 63 28 80 33 60 31 81 76 40 74 70 33 84 70 77 52 65 30 82 61 41 67 70 39 74 35 74 74 62 66 75 82 62 90 85 82 67 84 68 37 31 70 52 78 59 65 51 68 37 105 34 43 85 55 28 26 46 71 38 33 28 70 77 67 55 57 63 68 68 33 79 63 79 62 34 69 60 69 56 59 63 73 57 32 72 66 52 56 34 71 72 56 65 70 33 74
41 76 30 29 88 59 34 29 75 53 73 59 35 73 88 68 74 70 86 72 35 59 57 64 27 72 74 73 34 60 82 72 30 69 70 57 68 31 82 51 70 57 74 65 90 64 58 71 77 88 60 66 60 67 68 76 61 82 74 53 83 38 61 41 85 84 68 75 61 37 28 27 75 45 63 68 67 90 74 41 74 23 29 81 61 20 70 73 51 70 39 40 59 80 63 23 38 54 26 64
82 42 78 74 86 68 67 69 87 85 57 63 72 36 36 50 33 85 90 62 23 81 62 67 68 39 81 49 53 78 34 43 49 54 79 66 67 23 58 54 47 40 35 76 37 72 82 71 37 63 36 45 80 63 57 35 28 79 60 34 69 59 43 70 70 69 76 87 66 43 58 73 69 41 36 80 59 85 77 71 76 58 62 58 36 89 87 34 30 65 81 69 90 91 73 38 75 63 69 41
29 69 65 29 77 83 74 52 78 64 62 76 73 75 75 60 67 26 60 75 64 34 51 32 75 41 55 32 66 37 62 79 57 30 36 89 61 85 90 69 63 41 69 73 79 88 63 33 58 74 83 75 83 30 69 37 60 31 39 87 76 47 35 72 51 39 64 66 27 41 35 72 85 63 23 34 40 30 78 56 53 29 24 71 38 33 54 72 47 58 50 36 71 56 38 77 94 36 54 53
64 37 68 75 74 28 54 32 70 72 68 26 67 87 53 33 53 51 74 21 75 81 70 66 34 32 62 37 79 48 64 52 79 87 76 76 78 21 65 73 38 71 85 73 72 92 75 31 68 75 39 68 37 91 70 67 62 58 63 57 56 36 75 87 70 81 81 29 70 57 46 82 81 79 68 76 62 60 88 80 71 84 36 60 63 50 83 47 32 36 63 70 41 65 30 43 35 28 54 73
59 73 36 37 69 38 69 69 63 39 78 35 36 70 54 64 45 62 69 61 78 32 87 62 79 32 75 68 20 66 57 86 28 32 60 29 61 61 68 78 37 33 37 55 76 60 69 70 40 60 36 63 61 77 92 58 30 32 23 64 78 30 43 56 53 75 73 64 43 61 78 34 56 95 77 39 75 103 26 64 65 47 90 57 66 84 35 56 69 62 30 75 73 62 82 29 59 79 58 32
84 65 30 35 58 77 63 67 63 81 70 72 36 65 87 85 62 62 62 53 51 51 68 58 60 72 47 79 60 82 86 82 35 59 58 35 62 42 54 72 34 77 44 67 81 80 75 84 27 54 82 35 57 77 80 73 27 65 73 89 66 66 72 60 56 70 57 23 69 64 77 33 76 62 34 36 78 31 85 101 45 64 67 34 43 41 93 32 82 67 70 82 60 44 65 79 63 30 80 86
71 32 72 73 79 34 78 34 25 35 25 69 69 60 69 33 31 86 65 19 65 50 56 62 87 79 22 38 67 49 76 38 57 72 75 64 64 53 63 77 79 30 32 58 41 78 79 35 69 21 24 80 28 34 65 71 30 32 30 71 24 52 30 67 71 56 31 80 61 71 61 29 78 42 59 36 33 58 42 60 58 42 67 26 29 71 30 33 73 66 77 66 83 76 78 80 33 66 29 78
85 37 72 79 96 72 66 37 74 99 31 29 60 91 70 79 54 42 68 70 77 38 28 65 51 73 37 71 65 51 37 54 58 41 32 57 83 89 72 29 68 60 83 98 57 26 65 58 72 79 87 53 21 30 82 71 76 75 32 74 75 56 66 27 68 75 65 73 71 75 50 69 82 74 39 74 64 30 36 84 40 59 29 33 78 55 80 58 69 67 32 75 64 26 52 63 88 74 56 80
47 67 29 53 76 84 79 69 65 66 77 62 77 71 38 35 75 80 50 52 36 74 100 42 39 35 78 39 79 57 83 70 30 39 50 36 69 61 91 78 80 33 77 33 33 84 34 71 53 43 65 45 70 36 88 77 56 71 77 74 99 63 64 38 29 87 69 92 62 68 29 68 77 63 33 67 79 71 69 55 49 71 52 61 68 70 70 83 26 27 37 82 61 57 38 56 32 65 77 62
70 75 50 33 26 63 38 77 33 64 42 30 79 32 31 75 81 27 87 60 70 72 59 54 69 76 68 35 70 81 74 79 37 71 58 26 84 70 54 34 38 52 80 58 78 73 96 90 30 53 67 29 63 50 63 76 68 71 86 65 70 59 66 69 45 71 75 71 82 74 70 30 75 74 54 51 32 65 79 71 80 62 36 33 31 73 59 61 62 39 33 76 57 69 57 64 62 41 32 67
82 30 74 64 65 35 40 82 34 77 35 33 69 36 29 70 82 73 30 38 75 58 80 66 52 60 65 67 32 60 65 39 31 70 60 28 34 63 50 71 38 67 65 70 29 82 71 70 84 75 67 58 79 74 73 26 33 69 78 38 48 58 76 49 71 70 66 77 34 66 66 77 82 91 28 35 62 42 23 83 21 31 30 60 38 75 80 30 39 64 66 57 82 52 76 80 35 69 39 41
71 80 82 71 30 63 35 73 78 58 76 32 68 74 76 35 29 69 26 89 35 35 32 52 68 81 72 33 37 80 62 81 81 71 32 71 40 69 69 70 74 92 77 79 49 33 65 68 82 90 21 29 31 38 54 52 24 69 76 33 81 74 62 83 26 55 84 70 69 29 39 68 43 68 82 65 58 28 39 101 71 63 73 30 68 86 78 71 62 82 79 56 41 38 75 75 52 63 63 82
91 34 39 84 56 51 31 95 98 72 50 80 65 73 31 82 60 58 38 72 56 33 84 35 47 51 98 78 26 30 70 73 70 83 38 61 32 52 28 66 76 32 63 64 37 33 34 63 57 35 83 56 29 73 72 43 62 56 27 54 68 65 92 22 65 29 81 67 72 115 60 44 87 71 26 70 71 64 34 39 49 33 100 78 67 33 75 79 64 74 38 85 40 77 88 80 48 59 54 49
55 60 87 39 68 62 73 80 62 72 29 68 84 60 67 29 79 66 83 67 65 77 69 38 88 83 37 78 66 60 64 74 37 41 37 39 79 69 25 73 78 68 79 62 26 34 75 38 70 72 54 53 70 90 70 75 65 43 82 68 40 77 58 90 37 34 83 24 68 43 78 74 66 53 25 74 86 67 52 66 69 73 76 61 56 52 91 60 78 42 36 71 68 37 74 31 64 74 69 83
85 61 71 67 66 34 79 70 35 28 54 57 37 64 37 76 76 40 68 68 62 70 39 54 77 73 31 53 77 31 46 30 76 62 71 98 63 40 32 79 69 76 79 65 33 33 27 55 61 28 34 68 42 94 65 67 36 37 82 51 81 67 62 68 90 29 79 77 76 63 57 28 71 61 64 69 75 33 37 80 63 33 38 72 87 32 29 37 31 34 72 33 75 59 53 91 34 72 55 47
64 45 99 57 41 77 77 63 82 66 72 65 54 69 86 56 77 77 57 66 73 74 61 68 91 57 83 39 96 73 66 63 74 61 33 98 62 88 75 59 42 90 33 28 106 47 38 64 65 47 65 32 84 47 72 24 97 78 72 85 67 82 38 27 59 31 68 64 33 83 57 49 23 38 29 33 83 74 72 74 62 71 68 55 70 49 61 79 67 98 89 70 42 68 85 26 70 70 70 67
66 37 83 37 60 72 62 80 38 70 81 65 68 38 34 53 64 62 35 71 76 75 77 31 71 39 64 26 87 75 55 74 65 83 57 36 63 61 84 79 58 65 80 79 42 55 36 62 83 68 36 34 71 60 34 67 81 33 65 57 67 63 74 60 31 32 73 32 66 35 65 78 29 38 48 71 60 48 73 45 65 81 66 76 78 32 36 43 63 68 77 76 58 31 25 61 36 21 42 79
32 93 56 81 42 82 25 68 66 24 56 86 96 72 26 75 31 73 63 72 29 34 73 80 71 57 76 82 73 88 60 79 76 30 36 66 54 67 57 58 70 33 67 78 20 69 33 29 82 84 64 62 40 26 88 79 85 36 75 83 49 85 74 82 27 72 27 34 64 36 46 70 30 67 42 34 56 58 64 36 80 69 34 87 83 31 72 57 67 39 31 48 68 77 59 63 37 77 75 75
38 71 34 36 48 83 49 87 74 71 68 73 76 67 62 60 61 31 81 71 73 45 82 51 41 79 69 71 63 67 31 70 37 31 42 67 45 76 33 80 74 24 33 96 62 76 59 34 80 70 64 68 25 37 82 33 65 52 80 41 35 89 70 62 70 72 30 91 71 41 71 84 69 84 76 73 58 36 78 66 24 56 29 79 57 83 28 37 72 81 78 79 74 57 36 62 33 30 81 73
27 39 54 45 31 69 28 61 35 37 50 70 72 94 74 76 66 57 23 91 33 43 75 70 32 79 47 60 29 64 30 50 77 80 85 34 67 38 79 63 76 71 71 71 43 88 81 37 88 56 65 65 35 64 60 36 70 71 35 35 36 36 58 73 57 68 63 71 60 65 68 32 71 66 70 39 81 90 73 57 60 71 43 66 70 69 82 36 42 36 58 68 24 35 72 71 37 85 80 33
75 69 54 74 60 72 81 75 56 67 90 86 40 63 77 18 65 40 61 85 60 29 65 67 73 37 45 75 72 66 41 42 59 38 70 56 20 32 72 54 89 81 55 65 74 71 87 60 79 38 41 41 68 52 89 72 79 30 60 27 44 66 64 74 70 79 74 79 54 27 80 74 64 46 29 81 74 68 29 89 52 35 72 69 31 71 56 73 73 75 41 72 60 29 84 37 71 92 53 67
34 26 30 97 77 65 62 70 68 39 44 93 74 71 29 87 37 33 29 68 58 90 79 70 73 64 27 89 33 70 38 47 100 71 63 36 51 83 65 57 82 52 75 34 17 86 78 77 66 67 49 81 62 32 78 74 32 70 63 44 55 63 32 70 69 58 60 27 79 35 62 81 24 60 60 41 81 84 66 85 31 84 73 64 69 75 34 66 78 89 72 77 64 73 69 82 78 82 79 21
30 43 68 59 77 88 68 45 26 28 72 59 62 68 37 80 75 75 39 93 77 74 45 34 36 41 57 32 44 55 73 72 75 29 64 30 88 80 78 81 35 64 45 69 75 30 25 27 72 62 50 69 77 74 84 54 32 61 30 75 28 80 69 67 31 53 77 48 86 72 62 49 62 76 25 31 38 70 78 34 35 67 93 79 35 64 65 38 40 85 70 74 40 32 34 67 69 65 66 31
26 74 54 48 32 38 34 36 93 64 76 74 58 71 80 74 86 87 32 81 75 29 76 31 73 53 81 79 34 95 78 38 44 33 70 75 45 71 65 92 68 54 70 39 51 72 67 51 60 33 70 47 69 84 35 37 64 83 75 40 59 44 61 82 31 63 38 75 83 73 40 81 74 78 40 36 38 59 68 66 84 63 73 81 89 36 28 57 72 38 93 59 32 74 84 82 63 39 62 68
34 62 72 83 70 76 65 66 33 64 56 36 42 70 40 65 45 29 80 32 39 57 77 53 35 87 67 74 73 22 69 71 65 63 67 31 80 30 63 72 56 71 78 94 34 79 76 38 78 88 37 57 24 63 70 71 38 74 44 47 94 72 40 72 38 31 60 72 72 25 34 67 69 76 86 59 67 93 48 63 44 31 29 85 62 81 62 71 31 25 92 77 27 80 58 69 23 64 35 34
90 33 53 77 81 73 64 36 63 74 59 55 90 32 75 70 47 66 80 75 80 31 56 71 69 72 36 29 63 29 35 27 54 70 26 72 74 72 69 38 63 61 37 68 72 29 33 59 82 64 63 90 89 47 89 51 25 70 67 40 93 83 63 74 82 41 36 67 71 60 74 70 83 32 59 72 52 39 77 68 78 32 67 69 31 72 31 26 81 73 91 32 30 90 90 69 80 75 29 35
67 60 81 40 79 62 79 72 74 75 69 27 30 37 82 37 40 76 67 63 84 52 21 62 29 55 39 67 39 58 24 31 75 30 30 61 30 44 87 78 34 35 67 52 23 79 88 31 69 79 70 71 81 39 78 63 35 82 66 69 59 67 58 84 73 79 75 81 28 77 79 62 56 26 55 78 34 72 31 72 38 71 67 56 82 75 34 33 51 33 66 84 62 66 80 67 75 38 60 29
66 41 67 62 31 33 81 59 55 81 60 30 77 64 35 33 31 70 57 70 76 66 78 68 25 81 74 99 82 33 44 41 33 80 56 30 60 35 55 73 69 32 68 81 78 75 90 67 30 27 61 75 28 74 79 33 76 32 77 56 30 67 34 85 73 93 54 50 34 78 82 47 84 66 33 78 72 80 75 37 64 32 64 84 83 70 71 30 65 73 82 70 70 38 42 83 57 80 73 81
80 37 52 55 28 62 33 35 83 62 84 74 63 46 68 37 60 72 22 80 83 37 75 74 70 24 52 62 41 77 33 77 76 69 32 65 90 34 70 73 45 60 42 59 30 34 75 92 71 71 62 63 58 31 68 72 84 64 36 25 27 64 71 77 70 62 41 25 33 29 82 75 72 66 84 27 35 97 94 82 91 25 68 53 52 33 74 67 59 76 54 92 40 35 26 37 56 62 43 79
31 73 37 72 26 73 57 43 36 80 75 35 68 79 73 77 72 70 81 73 64 53 69 31 70 66 76 82 36 70 57 31 80 72 26 75 70 40 79 81 67 59 92 86 18 50 95 37 59 34 37 74 65 70 28 39 71 33 79 25 69 76 58 78 73 42 75 71 44 67 61 59 30 27 75 82 74 41 72 25 44 40 77 32 71 37 71 41 82 36 53 68 35 63 35 80 61 70 69 92
83 64 72 66 30 48 92 81 63 68 67 47 59 84 39 61 67 26 48 35 76 33 32 34 66 27 35 60 67 81 31 35 85 55 32 69 77 80 83 34 40 38 62 61 62 38 46 78 67 36 78 27 71 66 40 43 68 28 38 83 61 65 50 67 65 70 36 78 49 49 40 85 84 62 69 52 87 78 70 70 32 66 73 83 38 53 32 36 71 61 31 67 79 58 73 82 60 90 78 59
88 68 71 37 88 66 34 73 77 63 60 52 62 63 77 68 71 71 76 56 57 87 85 78 45 29 70 62 38 40 83 43 63 74 33 68 71 58 79 28 68 32 74 60 31 81 75 53 73 31 36 29 71 30 64 59 109 81 84 59 88 59 61 94 67 62 69 60 60 70 29 49 98 65 67 19 75 76 64 89 85 78 93 31 74 58 59 34 37 25 83 52 37 76 78 62 67 63 78 75
32 80 72 46 73 60 71 42 66 71 34 33 50 58 37 34 30 79 82 95 60 39 64 60 65 76 31 65 83 35 65 26 90 87 65 33 71 50 59 34 78 32 72 62 75 73 100 68 100 102 80 44 85 76 89 31 65 36 75 50 57 62 33 84 75 55 68 36 74 80 89 62 67 66 74 39 70 80 80 62 34 75 58 78 58 50 80 74 24 63 69 80 42 20 37 19 73 67 49 73
73 80 47 75 83 79 37 76 69 86 32 63 70 67 105 73 53 70 76 40 40 30 30 40 76 33 30 71 24 26 30 83 80 45 81 67 65 31 71 39 103 79 37 67 68 57 35 31 57 66 65 43 28 87 61 70 72 22 14 32 73 79 70 25 52 28 28 56 56 82 75 34 86 32 35 76 32 66 74 71 77 45 70 69 74 53 81 31 35 30 75 52 73 30 24 35 62 39 53 69
66 38 41 70 52 76 81 35 63 57 45 81 85 85 32 81 33 63 74 61 34 41 79 63 59 33 34 26 72 77 67 76 73 26 73 28 62 55 34 43 59 78 30 30 62 68 65 71 55 40 90 62 75 39 31 41 68 57 62 71 66 78 69 60 55 34 36 25 81 58 83 36 33 79 68 42 35 34 31 70 60 76 90 69 81 65 80 64 68 34 76 57 58 42 77 72 58 100 73 61
59 34 31 69 39 64 80 81 29 60 78 73 65 32 72 66 41 65 77 52 88 74 40 39 83 72 81 69 27 72 71 78 39 79 33 31 72 61 74 69 81 38 67 28 33 37 42 32 60 37 79 66 72 46 77 75 86 29 51 72 49 78 80 73 61 27 67 74 46 74 51 69 49 27 29 56 78 39 29 28 69 67 25 69 78 67 66 76 81 93 53 30 62 81 74 76 92 22 61 77
52 90 33 31 32 81 36 94 54 60 51 61 71 30 79 61 54 59 60 71 29 74 88 62 63 76 28 28 65 24 66 68 74 85 49 30 85 74 31 79 71 82 28 93 30 28 84 76 76 39 61 68 54 52 71 89 86 66 62 38 61 39 75 34 70 32 83 26 60 42 57 88 78 70 85 56 49 33 65 75 87 87 83 84 73 25 71 72 73 40 37 68 59 72 70 63 87 65 78 85
73 71 69 64 81 71 30 67 34 72 87 103 81 86 70 72 60 75 72 69 75 75 33 84 38 58 68 64 52 63 33 82 31 76 69 72 34 84 35 105 35 65 72 84 81 73 86 73 71 34 32 63 36 58 38 38 75 33 61 38 35 69 34 47 42 80 81 75 31 35 68 74 58 28 25 92 55 74 39 74 32 67 61 44 58 102 67 79 40 30 82 81 38 64 62 31 72 79 92 81
71 65 38 71 66 84 28 84 60 59 32 79 61 65 79 78 76 29 21 70 66 91 37 87 75 86 64 64 64 41 64 33 65 72 39 64 67 26 61 36 37 76 33 50 66 71 28 67 41 70 70 71 37 91 78 55 55 79 84 83 66 79 36 81 68 59 44 34 36 73 31 63 27 69 80 26 50 95 67 81 77 39 47 32 62 71 60 55 78 60 48 77 67 37 69 31 42 97 72 75
36 88 81 38 74 32 73 73 72 82 69 28 86 83 73 64 42 77 83 70 25 62 79 81 73 66 77 53 42 60 38 68 85 75 30 75 54 68 59 35 53 32 63 73 59 26 67 76 34 27 58 74 33 71 67 75 87 36 51 35 82 32 49 42 63 33 77 59 75 80 89 47 52 41 39 36 35 27 33 73 67 69 69 70 69 79 69 29 34 29 62 32 40 39 24 25 66 86 63 58
34 57 68 76 78 70 35 61 44 38 72 87 43 50 56 73 64 70 44 60 34 32 80 32 55 31 42 39 55 56 78 68 73 29 82 84 88 85 35 68 43 81 67 75 75 26 81 76 100 75 56 71 36 79 55 25 52 33 40 71 79 55 71 37 83 34 47 81 39 84 21 106 88 74 26 80 69 27 33 74 37 83 36 61 88 58 79 58 75 71 32 63 27 87 83 50 77 73 47 56
86 75 94 72 72 69 65 67 39 39 83 27 76 76 66 72 30 61 74 80 63 72 35 76 80 78 87 32 62 64 69 33 62 72 70 75 92 70 74 30 60 72 81 56 34 23 82 63 43 47 29 70 64 91 34 74 39 68 34 75 67 39 71 97 80 70 70 55 57 53 33 41 21 65 61 46 76 33 43 66 86 71 29 48 67 32 60 58 81 79 38 73 64 34 75 73 79 28 65 58
84 30 55 62 64 78 78 60 42 39 33 81 38 27 67 70 70 66 67 75 73 64 77 36 37 71 41 68 76 94 72 27 60 38 42 77 77 44 71 68 73 82 36 31 102 76 59 65 83 48 29 82 67 51 77 84 54 61 62 55 74 75 54 82 66 32 36 33 81 27 69 62 83 69 65 82 82 67 77 37 37 76 90 71 62 65 86 48 69 79 41 72 43 69 27 28 34 54 74 69
68 74 84 67 69 81 59 43 33 75 89 59 66 76 57 57 32 69 38 63 34 59 73 37 66 36 70 35 31 88 60 92 79 22 36 78 35 83 85 75 37 61 28 73 69 53 79 41 73 41 35 83 68 83 69 93 40 38 69 23 74 53 87 34 75 72 33 77 52 80 83 82 38 39 37 75 44 57 32 54 58 39 53 82 32 60 34 65 68 40 34 72 62 35 79 51 61 43 31 64
79 77 69 72 90 85 61 70 39 39 31 34 34 67 52 77 90 26 26 70 27 96 39 85 43 60 79 31 77 35 32 64 83 95 64 39 62 68 34 31 32 34 84 66 75 71 54 83 68 67 95 74 52 71 99 33 74 69 97 71 33 71 50 57 39 89 32 78 38 81 53 37 84 28 34 53 65 67 37 78 31 54 28 31 75 71 71 37 26 83 76 79 64 61 60 73 79 32 71 40
46 33 91 74 37 68 36 69 34 66 75 40 72 34 32 69 53 43 68 39 39 97 42 36 39 80 79 72 74 41 33 48 70 74 63 66 78 28 75 78 87 76 69 27 44 59 90 53 67 62 70 54 61 55 69 79 37 38 38 32 71 28 71 61 84 31 78 71 27 24 44 54 34 72 51 59 58 35 66 45 65 76 71 78 39 56 30 71 72 36 66 39 41 76 56 34 81 38 35 81
68 37 79 30 36 98 39 69 35 70 70 85 63 95 79 71 77 89 63 33 26 40 32 76 65 85 72 76 61 40 45 37 29 81 31 46 83 69 78 34 77 68 70 80 75 56 83 36 79 37 77 36 83 29 34 64 48 80 62 82 69 32 28 38 36 41 58 79 35 89 59 83 70 75 22 70 32 32 71 31 81 32 48 73 48 78 41 80 62 36 66 65 70 42 35 77 32 44 58 97
35 96 54 48 79 85 71 99 56 33 40 60 82 19 64 77 62 79 46 29 38 65 78 35 64 59 61 37 32 86 35 84 74 59 81 60 49 63 34 84 57 61 38 69 61 65 49 68 54 82 74 78 41 39 70 69 46 46 35 78 58 66 66 82 32 74 38 31 75 60 95 69 84 60 49 70 70 31 80 36 32 86 63 69 74 38 76 75 66 41 46 59 68 81 77 86 88 31 62 65
75 35 64 68 79 73 68 65 38 77 63 79 72 31 34 71 36 70 57 37 76 38 32 90 55 64 76 72 42 67 34 40 63 33 43 40 66 93 64 62 45 76 66 80 26 65 34 94 81 88 73 85 67 71 76 81 34 60 67 98 31 61 77 63 61 35 95 84 80 76 71 66 87 37 80 50 86 24 68 64 29 75 34 37 69 75 46 80 71 32 57 36 61 89 74 82 79 57 71 89
68 54 45 67 34 72 86 31 78 25 85 75 54 41 75 68 53 75 71 58 77 38 88 67 71 80 74 74 36 64 42 63 63 19 71 89 80 49 30 81 28 73 29 34 42 31 63 63 72 66 61 31 58 51 29 33 65 58 82 42 86 63 69 68 37 78 58 73 55 24 83 55 80 83 62 73 71 82 33 44 55 73 74 59 82 86 41 71 71 56 75 78 73 66 40 38 83 69 77 88
29 73 61 61 63 57 58 40 78 88 66 34 59 60 58 71 48 73 64 25 36 86 31 86 63 65 61 65 64 66 79 69 85 34 81 74 25 70 73 51 78 83 30 77 27 39 72 37 38 72 27 52 30 31 40 54 29 26 40 62 82 69 34 25 61 75 29 72 73 71 67 81 40 33 70 85 80 71 77 75 31 35 67 42 32 15 67 72 30 31 74 63 68 82 77 73 62 73 32 35
41 59 69 78 81 82 39 52 30 76 64 71 70 32 39 75 74 72 71 80 36 58 74 75 19 67 77 70 59 72 93 77 81 32 70 72 62 86 31 59 40 53 92 55 82 35 86 82 92 95 29 72 34 74 76 66 38 61 72 54 37 79 62 35 72 71 27 80 25 73 67 77 29 77 70 79 31 75 89 30 86 37 61 37 39 55 27 78 28 31 74 76 82 75 95 36 26 68 42 30
71 69 40 45 100 61 30 93 57 95 68 31 80 28 76 80 53 41 33 32 81 71 53 62 28 64 63 59 68 31 69 74 23 28 35 79 74 33 34 99 71 29 38 31 68 71 76 76 55 76 46 34 72 69 78 67 79 28 71 53 50 70 70 62 76 34 57 78 79 87 80 69 76 70 64 31 38 65 77 83 33 67 79 63 71 79 66 53 79 71 78 56 59 41 72 71 92 63 55 71
85 77 62 34 35 79 62 74 63 24 66 57 74 54 28 59 78 71 50 73 34 72 21 67 80 32 76 68 80 79 34 72 83 26 77 68 68 39 77 78 27 38 60 68 66 78 63 68 84 34 80 68 27 84 47 44 80 80 61 78 28 50 34 88 63 60 35 58 78 38 76 79 88 65 57 29 30 60 86 74 75 33 64 28 57 32 30 29 73 59 65 66 80 34 71 34 67 76 40 36
71 74 58 64 58 78 72 60 29 69 68 35 72 82 87 71 77 66 60 64 86 60 78 76 70 73 33 75 47 88 67 54 60 70 74 80 27 49 76 68 66 26 31 88 79 63 57 29 37 44 64 83 75 48 60 67 27 28 91 22 93 69 62 69 79 63 61 80 76 86 41 67 69 64 29 93 41 91 37 48 82 32 86 72 86 98 40 62 68 51 43 69 71 24 64 38 77 63 58 57
70 75 73 74 84 79 69 35 64 31 62 42 70 83 70 68 27 73 92 73 60 70 43 68 29 68 62 59 56 25 66 59 28 43 63 75 38 28 67 32 76 56 84 74 64 88 69 76 56 29 47 66 63 78 35 53 58 71 66 45 44 63 39 97 28 59 68 34 52 47 34 76 69 50 80 30 54 63 33 82 87 34 71 75 32 75 73 73 72 30 64 71 76 53 57 23 40 77 74 69
50 60 64 71 28 32 75 75 87 58 77 69 29 77 73 29 38 70 58 59 36 70 55 57 25 70 81 33 29 69 33 87 72 38 52 66 65 87 40 90 47 78 78 62 92 63 70 60 39 32 54 84 69 67 85 74 37 81 74 69 32 70 84 80 46 49 75 82 73 69 66 42 32 80 71 69 55 41 49 72 78 70 68 35 39 76 29 82 71 69 67 38 66 80 71 67 61 87 82 29
29 68 63 49 67 67 27 84 71 32 32 67 104 96 96 73 51 35 78 79 37 58 34 37 84 68 69 69 63 23 81 69 69 81 78 69 71 71 85 66 35 97 84 41 71 60 68 37 39 42 77 79 33 70 82 27 61 69 41 37 79 72 50 86 62 33 48 76 61 81 81 62 70 75 80 30 72 77 36 72 66 39 36 58 79 30 65 57 33 72 63 41 78 52 75 28 42 42 82 64
51 64 61 99 74 36 76 43 51 60 68 75 88 65 39 83 58 71 63 44 65 96 68 33 62 80 72 70 65 86 79 31 70 63 34 75 59 61 70 74 65 86 60 73 89 80 76 61 31 71 74 72 34 76 89 32 71 65 37 57 79 81 52 67 63 26 40 31 24 65 34 57 57 50 56 74 65 61 61 54 99 53 74 67 28 69 36 71 67 70 64 69 77 77 73 32 60 64 31 72
29 67 71 94 28 63 66 76 72 94 72 64 85 77 37 72 75 79 31 55 77 71 31 62 37 28 73 74 74 42 71 33 30 79 67 62 66 36 67 35 77 76 64 81 57 57 69 36 29 69 28 29 62 68 45 78 72 38 65 76 57 41 72 30 34 73 79 29 64 41 75 59 31 33 37 55 43 87 71 81 30 27 24 60 31 31 78 25 90 74 73 72 56 61 31 74 80 80 72 79
83 58 92 79 55 87 39 68 38 73 39 80 38 74 55 75 78 34 51 75 30 50 57 73 68 107 51 72 61 75 59 27 34 29 24 58 73 59 61 85 84 64 34 40 66 61 85 76 29 34 35 77 40 74 84 80 34 67 71 28 75 69 35 64 53 34 69 56 88 36 74 35 57 81 83 64 66 60 38 37 83 54 34 68 62 36 30 61 76 73 70 73 63 74 27 63 54 44 31 61
51 44 65 31 94 32 27 40 66 31 26 72 89 66 45 78 45 56 76 76 32 36 64 67 35 59 46 45 77 48 60 42 29 31 36 64 83 67 74 68 71 77 75 62 60 64 72 38 36 36 67 73 73 30 30 71 73 91 80 59 54 81 32 74 32 74 73 62 54 69 87 77 62 57 40 38 71 38 55 72 31 79 31 68 75 80 74 72 72 75 68 84 70 26 57 27 56 24 30 38
67 58 39 83 52 78 37 70 70 68 34 77 73 73 65 66 74 46 77 70 33 72 63 33 30 76 76 56 60 79 69 75 70 66 34 36 68 50 76 94 62 35 76 70 78 80 38 28 81 27 61 87 67 74 30 59 72 70 37 79 70 71 30 72 24 38 79 67 73 52 50 60 61 44 78 30 29 36 68 67 28 77 75 94 83 103 80 38 82 36 79 63 53 53 96 48 88 68 73 73
82 25 67 71 33 59 33 54 30 85 38 61 69 60 73 23 59 67 51 73 75 78 78 61 38 66 31 77 41 63 90 35 31 77 78 88 76 64 74 72 37 60 67 80 83 85 76 47 32 50 80 66 23 72 73 36 30 36 71 66 58 39 35 77 58 68 37 61 77 63 39 59 39 44 36 35 63 67 65 79 30 59 38 51 62 65 31 39 72 38 78 81 75 61 88 70 91 79 72 64
57 70 81 34 73 72 60 88 68 70 76 67 75 49 71 41 80 67 68 34 79 35 32 61 67 54 36 28 28 74 91 81 76 61 57 79 76 34 52 23 90 71 39 58 33 66 64 29 35 37 69 61 75 33 82 65 29 35 62 77 71 75 34 41 76 33 36 80 77 56 73 82 71 28 74 60 34 35 58 31 27 36 71 64 84 73 33 40 29 58 43 52 69 71 73 74 40 70 78 60
81 84 38 78 72 73 78 88 77 33 64 90 66 56 74 64 52 39 79 84 78 69 32 27 38 68 27 71 76 60 86 30 32 33 39 67 43 34 92 56 34 75 64 69 25 80 78 87 36 97 60 33 70 64 32 85 79 78 83 31 70 67 38 35 75 63 32 71 77 65 55 66 37 63 91 89 70 84 90 35 86 93 72 35 54 37 70 53 62 31 67 83 71 66 73 70 66 50 65 66
72 70 43 74 72 65 83 35 61 66 75 56 33 68 36 80 39 68 66 64 67 75 87 36 60 35 26 62 61 74 75 32 31 33 63 29 30 19 41 29 61 81 81 71 71 54 64 32 33 46 76 42 69 57 75 80 67 29 30 33 24 69 71 80 88 78 86 72 58 35 64 69 53 67 24 72 30 40 31 35 83 65 81 76 79 38 52 30 35 34 34 86 52 69 34 51 70 69 79 35
66 75 74 75 41 35 58 52 54 81 73 72 72 54 75 81 65 47 40 88 71 65 38 32 84 36 99 79 80 34 34 81 33 80 62 93 58 66 81 40 60 70 34 80 68 83 39 73 56 34 57 28 78 70 68 62 82 84 71 75 69 39 82 75 63 64 80 29 73 78 71 66 87 81 37 51 54 81 58 38 76 34 85 58 67 63 78 49 76 28 60 45 74 79 85 56 70 36 74 27
66 80 72 67 23 25 69 83 43 82 66 56 20 40 44 85 75 78 48 70 31 69 42 59 28 85 77 33 38 52 44 94 62 77 35 34 80 77 81 61 23 34 28 68 69 36 81 69 88 46 72 71 69 65 86 29 66 66 70 70 74 23 77 26 43 77 75 63 75 80 86 32 72 69 63 55 71 41 27 83 47 61 68 31 31 39 66 79 70 86 32 78 51 35 39 34 56 68 74 74
91 88 99 81 79 28 33 65 69 39 59 66 74 57 70 50 64 75 36 76 61 32 62 51 71 64 29 35 57 69 39 72 61 66 91 64 82 32 27 77 76 83 62 31 41 80 79 23 69 34 24 63 56 50 72 64 52 76 81 61 69 57 68 31 64 76 57 73 33 84 29 83 74 69 33 67 57 58 70 73 34 54 58 77 35 39 33 28 65 94 55 34 80 72 65 85 35 64 32 74
78 43 76 29 66 64 86 28 63 88 67 58 75 63 83 60 68 75 81 30 93 33 68 39 34 78 80 63 64 60 60 61 67 64 40 28 34 67 36 75 61 63 92 88 66 62 84 40 76 32 71 66 59 80 80 78 33 73 37 81 61 70 83 81 92 48 81 79 81 35 25 80 71 67 56 69 26 74 59 70 46 50 70 87 45 57 45 80 38 80 73 74 74 63 31 75 70 62 70 74
64 39 68 27 61 75 72 76 60 71 73 63 77 63 50 60 32 61 80 49 81 74 70 77 64 77 52 33 65 67 36 62 72 64 37 70 74 59 67 38 30 63 39 39 66 66 31 67 75 72 78 76 31 76 72 82 33 59 78 71 82 35 70 40 54 71 34 37 81 29 75 65 28 76 81 44 62 63 49 34 46 63 29 77 97 32 76 89 35 77 70 57 101 73 65 86 79 49 37 67
72 69 64 40 60 73 39 32 55 71 76 43 30 73 87 73 70 60 59 84 68 67 93 74 44 59 57 34 70 38 35 34 69 65 61 64 39 59 33 62 32 76 68 40 56 28 85 88 72 60 38 57 71 59 58 39 67 76 82 93 59 35 66 35 39 66 78 68 28 87 71 73 25 66 31 80 66 31 74 51 64 44 33 55 83 78 58 72 29 95 54 53 78 61 61 53 31 88 34 63
72 71 78 53 51 32 27 79 20 42 71 66 86 65 75 28 28 60 69 70 64 71 73 71 55 78 64 38 27 72 52 79 60 24 42 66 34 72 32 68 37 64 68 55 61 62 77 74 29 76 72 62 73 70 34 38 75 36 66 71 63 82 90 74 65 62 75 38 31 42 54 63 35 63 23 67 79 60 46 35 40 48 64 65 55 75 42 79 90 86 42 24 53 63 34 72 32 34 29 36
38 46 46 67 71 75 35 74 62 76 32 80 66 72 92 74 67 59 56 79 32 26 31 80 80 61 73 73 68 33 78 86 66 64 84 81 72 50 58 67 32 62 71 67 66 77 79 65 61 41 86 59 80 30 37 70 22 45 71 65 77 69 29 87 69 77 71 77 73 60 69 73 87 47 78 47 31 30 27 66 67 41 77 37 39 62 77 75 71 51 26 77 87 69 83 75 68 52 39 67
82 81 74 76 24 83 55 81 71 84 41 63 34 78 74 83 83 24 27 31 76 61 88 72 108 62 34 39 41 59 70 60 35 100 60 87 68 69 73 39 76 65 29 65 78 82 66 60 26 83 41 76 70 78 35 76 71 58 55 40 28 36 37 77 53 68 79 26 33 33 41 34 69 45 38 23 38 81 36 30 70 66 27 82 67 69 37 75 74 42 63 42 70 70 75 67 45 30 62 85
65 24 53 70 34 38 97 71 80 25 62 35 70 27 68 73 75 67 68 63 79 82 29 69 63 50 70 30 70 68 82 24 69 70 29 65 50 63 62 71 20 67 42 75 31 47 67 33 27 71 40 74 35 36 63 40 63 30 84 67 29 59 65 43 35 31 73 61 37 31 56 40 55 62 35 77 73 86 33 71 37 59 72 64 72 73 31 54 64 71 71 38 36 74 33 42 71 22 38 27
71 23 64 34 79 91 32 34 76 32 32 70 64 60 89 96 26 75 37 81 57 68 48 63 82 34 37 30 72 71 73 65 32 61 26 33 38 74 67 72 54 81 81 41 78 55 38 62 65 56 70 28 41 77 77 83 80 62 71 82 66 80 77 68 28 31 29 35 58 55 64 58 81 64 86 75 77 57 67 34 82 28 22 84 21 83 60 70 67 67 57 32 36 32 67 77 60 31 82 71
40 32 70 30 66 73 84 73 32 39 36 52 72 77 88 80 78 68 40 56 81 68 69 56 84 31 87 74 69 44 61 96 73 66 80 30 79 72 39 68 67 89 74 32 80 74 65 49 101 56 39 27 30 35 27 97 64 50 29 67 73 66 64 25 34 64 72 64 71 42 66 17 36 38 57 78 92 60 69 87 61 71 74 67 71 66 76 73 85 71 37 63 31 75 80 79 47 66 79 27
46 76 61 66 64 85 82 70 68 86 63 62 59 71 75 63 24 74 97 34 50 65 62 57 73 70 68 73 58 49 27 71 61 44 37 75 39 32 78 68 78 86 76 82 36 83 88 76 77 57 33 30 69 67 25 36 69 32 80 56 34 72 39 28 89 71 78 81 70 64 86 73 81 86 31 38 72 50 96 49 60 33 27 52 75 44 88 25 66 82 68 85 38 64 59 56 73 61 71 65
73 85 64 71 41 49 76 65 84 53 28 63 36 73 32 72 79 92 36 32 79 72 74 53 68 77 30 32 68 64 42 70 90 84 61 77 31 32 37 24 67 66 65 80 81 56 80 67 70 73 26 72 56 98 28 79 72 64 50 35 69 32 33 64 83 25 34 70 67 26 31 63 40 33 66 33 59 46 70 45 61 75 63 90 76 32 73 60 66 34 47 68 79 79 58 65 33 70 46 67
28 35 86 31 33 72 80 30 40 34 76 66 58 64 70 79 29 77 60 41 70 37 80 60 33 36 80 76 75 80 39 71 66 77 54 80 79 80 37 29 65 80 55 96 73 51 49 74 28 57 84 52 25 68 38 75 80 69 48 63 65 41 67 87 65 26 42 81 65 77 71 78 32 79 76 28 71 81 70 78 76 72 34 82 64 66 76 73 67 61 69 75 59 33 75 74 36 51 51 69
32 66 33 72 35 75 86 34 58 69 65 30 99 69 40 66 28 73 83 70 78 59 75 92 53 75 72 31 39 66 22 84 35 77 68 92 69 34 65 70 34 61 69 34 34 77 65 72 64 64 66 66 25 38 92 72 89 86 35 30 71 72 73 31 46 71 89 63 45 28 31 68 65 81 31 67 81 81 56 65 82 77 63 77 57 42 77 38 75 26 56 68 78 22 78 53 41 23 82 56
107 59 80 39 52 31 93 38 78 74 84 29 25 53 43 58 50 67 78 27 73 72 54 85 55 68 26 75 76 38 83 65 32 75 51 62 32 72 56 36 60 34 43 34 31 25 62 68 65 67 74 26 34 58 41 49 37 34 41 69 67 83 25 72 28 68 74 71 79 44 68 64 60 73 37 51 88 67 73 28 35 69 59 68 56 64 47 75 91 84 87 77 69 86 24 69 35 40 21 34
30 63 34 34 88 65 48 76 32 81 36 87 80 66 82 72 72 62 65 36 85 80 77 71 28 62 27 33 64 41 77 70 38 57 24 34 73 57 55 65 95 55 35 83 67 68 84 72 27 29 30 67 66 33 56 30 69 65 77 74 73 73 27 40 75 74 64 70 46 95 62 39 59 68 27 93 73 64 48 41 39 86 62 78 30 73 92 79 86 68 74 34 67 45 80 74 93 40 41 71
76 70 49 33 75 84 71 89 76 33 89 33 70 62 59 42 63 74 72 70 117 76 78 63 67 74 60 64 65 34 82 44 81 82 72 47 30 51 68 54 47 63 55 65 81 87 68 56 35 58 58 31 64 79 61 62 72 68 32 87 58 71 69 59 38 31 59 28 63 82 81 73 76 64 51 33 72 94 66 28 58 29 39 31 37 53 91 87 71 69 60 52 59 76 28 69 71 45 42 71
84 64 73 73 26 61 78 74 83 82 78 59 70 31 36 93 62 98 72 75 37 69 89 90 67 40 69 67 92 54 67 74 58 76 31 50 44 82 80 35 25 80 78 34 36 61 73 79 93 77 82 80 33 46 71 60 41 30 59 42 23 57 44 76 67 32 72 69 70 76 69 37 68 32 21 34 85 60 30 35 42 80 61 77 42 35 30 59 70 65 59 44 87 40 39 73 51 78 58 81
86 47 50 83 62 59 36 34 64 24 90 74 65 66 81 65 66 85 61 67 86 82 65 60 70 85 54 51 70 69 74 34 29 81 68 24 32 75 86 70 33 69 73 78 79 36 73 66 81 65 23 78 70 31 103 63 77 65 36 80 73 89 68 65 78 58 38 88 32 42 33 84 44 67 78 35 34 32 32 82 84 70 84 61 66 105 33 42 22 72 70 68 69 42 78 31 54 35 67 43
61 85 63 66 87 61 86 66 78 42 62 76 92 19 33 28 51 61 65 33 31 42 88 66 79 43 57 43 38 46 60 30 32 28 83 70 67 58 34 78 26 54 59 40 59 39 33 69 98 61 80 31 32 76 77 74 77 73 73 73 33 75 72 75 85 69 72 68 72 72 65 71 64 68 74 71 33 77 79 30 37 72 48 32 68 34 76 81 29 77 74 65 91 67 31 62 68 77 33 34
36 49 64 90 39 68 15 67 83 55 66 31 41 37 28 55 65 34 65 57 60 79 75 59 61 68 38 56 28 23 68 70 77 74 36 76 86 79 82 71 73 40 62 82 76 27 66 74 81 39 72 38 68 71 34 33 78 29 40 62 70 70 35 59 77 48 99 66 87 69 72 91 49 35 54 83 28 44 76 67 41 70 33 78 60 73 29 75 81 59 73 68 83 70 26 74 98 61 62 62
36 80 91 84 83 69 30 28 40 24 25 82 74 72 70 52 36 32 32 68 66 64 75 84 52 50 58 61 76 53 50 74 78 52 58 56 65 66 67 41 86 73 79 29 70 36 88 39 71 27 33 56 58 64 87 29 24 57 87 71 56 60 77 69 67 32 35 34 57 41 76 63 41 31 70 49 62 50 32 69 72 96 90 48 83 66 92 32 92 37 36 64 70 31 76 63 42 81 39 81
34 66 66 92 80 72 64 84 34 37 68 75 76 37 78 52 85 85 88 59 70 34 25 38 37 36 64 33 65 34 65 33 58 67 70 62 65 66 82 66 76 73 73 63 92 63 73 27 68 57 37 78 34 67 69 88 73 73 28 34 34 61 77 38 61 59 57 33 33 33 56 61 58 70 72 38 79 60 70 27 57 70 29 62 81 68 62 32 64 76 62 71 26 65 45 72 73 51 83 59
87 56 36 100 79 65 84 85 30 88 78 35 24 42 64 31 39 61 81 67 58 66 26 78 52 43 42 38 60 75 73 71 29 68 67 68 67 31 67 37 67 63 74 65 30 39 65 72 86 80 33 43 43 54 59 75 69 51 67 33 86 48 34 75 26 43 82 80 58 76 30 79 81 62 72 75 67 82 70 54 73 39 79 63 71 72 72 26 74 26 77 68 55 74 51 69 69 66 73 84
64 64 83 93 86 24 73 60 60 68 74 64 75 36 62 65 65 81 92 63 37 75 78 58 71 27 31 75 71 74 67 86 30 80 90 24 81 71 40 54 89 35 29 61 59 24 25 68 58 43 33 70 82 65 78 31 69 67 73 28 34 73 39 84 48 28 83 44 71 79 86 72 32 66 67 32 71 41 88 30 82 27 81 27 68 28 79 73 89 33 40 54 85 68 33 39 41 59 70 69
88 40 77 72 58 63 32 41 50 28 88 40 59 48 63 30 33 73 27 81 72 26 32 73 38 78 64 77 90 61 75 50 87 34 71 66 43 92 59 82 66 75 76 71 75 58 32 34 73 36 77 29 38 63 69 97 32 88 26 68 72 62 55 29 67 63 67 86 40 35 62 58 76 60 81 26 67 96 63 33 38 29 70 83 99 55 70 70 79 71 48 83 89 79 62 33 64 69 63 79
64 40 67 61 64 65 67 67 61 76 58 84 64 80 73 31 65 78 73 51 60 50 75 52 21 70 60 55 77 28 36 40 33 57 74 65 77 36 80 85 26 74 69 74 72 35 76 75 64 63 24 61 60 34 34 85 90 34 62 69 62 79 31 88 61 75 83 39 62 33 27 73 31 59 76 61 83 78 74 71 77 36 71 43 46 30 68 63 23 57 65 56 41 28 62 37 63 39 59 75
37 43 69 43 77 87 37 77 82 43 35 34 27 74 67 39 87 58 36 83 34 73 59 55 76 89 32 52 30 69 63 65 79 61 29 66 68 56 86 67 62 47 40 39 55 25 70 62 83 63 32 60 39 65 42 31 39 31 72 67 25 29 62 61 42 42 66 59 53 70 80 34 38 69 57 38 30 64 31 53 75 96 76 65 109 59 35 30 59 39 69 61 34 68 55 70 32 51 26 25
