2466 2026 2501 2098 2059 1971 2077 1960 2539 2178 2024 1987 2643 2422 2433 2564 2511 2456 2686 1968 2067 2021 2639 2173 1948 2012 2437 1954 2619 2619 2512 2019 1935 1915 2672 2610 2561 1958 2569 2007 2448 2566 2200 2148 2505 2468 2170 2593 1993 2162 2607 2494 2177 1946 1972 2478 2527 2625 2495 2050 2606 2122 2584 2172 2587 2594 1977 1969 2565 2409 2487 2563 2617 2507 1944 2571 2536 2115 2554 2587 2209 2610 2552 1973 2549 2454 2585 2629 1943 2437 2071 2524 1930 2669 2200 2725 2025 1984 2629 2590
2145 1983 2002 2047 2598 2609 2196 1963 2540 2045 2196 1936 2545 2580 2534 2436 1984 2191 2160 2108 2583 2181 2001 2004 2561 2534 2552 2559 2570 2215 2513 2484 2013 2601 2565 1987 2507 2598 2562 2583 2035 1983 2150 1907 2095 2533 2603 2549 2689 2052 2213 2628 2518 2576 2558 2088 2575 2505 2589 2009 1970 2536 2707 2003 1982 1977 2111 2204 2125 2534 2002 1990 2531 2493 2577 2157 2585 1991 2239 2627 2525 2633 2602 2179 2136 2637 2158 2568 2579 2022 2541 2073 2530 2004 2144 2038 2622 2562 1961 2201
2177 2151 2563 2502 2267 1941 2476 1976 2243 2037 2612 2689 2064 2604 2679 1956 2587 2592 2603 2110 2568 2001 2491 2185 1939 2175 2546 1964 2454 1962 2582 2555 2154 2508 2481 2611 2139 2516 2427 2681 2577 2678 2187 2022 1944 2598 2159 2572 2182 2624 2112 2511 2069 2658 2000 2050 2620 2090 2035 1941 2125 2666 1978 2021 1939 2630 2570 2629 2467 2645 2583 2473 2201 1925 2490 2504 2659 2600 2039 2490 2524 2553 2567 2602 2159 2086 2598 2103 2561 2494 2182 2509 1944 2562 2653 2188 2136 2105 1980 2422
2053 2523 1992 2010 2657 2219 1971 1994 2600 1978 2587 2124 2032 2487 2597 2602 2584 2657 2634 2459 2029 2218 2553 2530 2034 2611 2536 2490 1926 2530 2621 2675 1960 2575 2522 2655 2464 2043 2553 2169 2575 2103 2091 2624 2570 2103 2071 2483 2528 2568 2180 2169 2521 2127 2512 2558 2173 2578 2514 2077 2555 2018 2100 1950 2673 2619 2660 2574 2598 1910 2036 1929 2493 1967 2623 2172 2143 2519 2564 1962 2240 2057 2009 2578 2532 2055 2562 2447 1928 2540 1935 1998 2593 2643 2654 1978 1986 2421 2029 2166
2678 1980 2522 2631 2604 2550 2583 2541 2659 2590 2288 2447 2510 2010 2075 2030 1943 2758 2452 2549 1966 2552 2718 2150 2622 2001 2616 1977 2174 2563 2046 2052 2196 2157 2678 2581 2592 2027 2106 2180 2053 1989 2050 2558 1978 2589 2571 2457 2007 2214 2070 1989 2496 2624 2164 1974 1965 2430 2105 1953 2608 2531 2027 2469 2705 2502 2548 2520 2670 1949 2160 2635 2551 1985 1979 2573 2244 2597 2623 2650 2560 2535 2107 2518 2059 2634 2555 2012 2030 2221 2612 2577 2488 2530 2524 1939 2608 2271 2524 2060
2054 2579 2591 1973 2452 2524 2185 2208 2207 2170 2572 2596 2568 2507 2558 2475 2126 1975 2199 2639 2171 1948 2203 1979 2463 2027 2663 2008 2520 2146 2216 2577 2149 1984 1994 2507 2681 2642 2505 2462 2528 1954 2209 2488 2612 2579 2264 2074 2467 2543 2594 2618 2564 2057 2147 1993 2201 1987 1978 2573 2506 2212 2022 2602 2148 2046 2559 2469 2039 1971 1931 2575 2584 2069 1962 2006 1955 1985 2537 2107 2131 1924 2046 2482 1969 2063 2503 2507 2202 2559 2694 1985 2615 2086 2008 2424 2618 2014 2589 2148
2137 2033 2488 2524 2544 1974 2262 2060 2564 2639 2484 1990 2633 2667 2570 2002 2195 2182 2597 2004 2602 2590 2593 2484 1963 2009 2512 2004 2580 2132 2654 2546 2542 2647 2541 2607 2555 1997 2575 2612 1958 2498 2600 2463 2596 2654 2622 2046 2491 2577 1994 2479 1975 2781 2625 2565 2188 2086 2518 2539 2630 1965 2569 2651 2574 2698 2474 2019 2453 2185 2189 2659 2494 2536 2585 2469 2482 2584 2633 2542 2550 2580 2029 2174 2594 2100 2550 2163 1971 2066 2125 2588 2000 2515 1973 2000 2002 2061 2154 2579
2153 2605 2038 2029 2147 2004 2619 2517 2634 1998 2557 2016 2084 2176 2465 2289 2020 2522 2612 2098 2658 1901 2652 2146 2518 2040 2562 2559 2014 2226 2476 2444 1977 1920 2289 2051 2120 2654 2530 2442 1988 2040 2073 2142 2629 2561 2516 2586 1959 2612 2050 2556 2060 2553 2500 2559 2078 2014 1995 2468 2654 1971 2173 2137 2194 2604 2302 2555 2040 2199 2640 2003 2202 2621 2618 2041 2632 2621 2041 2581 2054 2198 2682 2538 2605 2501 2009 2521 2135 2466 2087 2568 2606 2528 2581 1980 2617 2495 2179 2102
2600 2580 2079 1984 2578 2590 2568 2539 2545 2614 2521 2487 2121 2196 2752 2562 2216 2579 2481 2261 2554 2205 2239 2576 2627 2558 2198 2537 2293 2565 2526 2525 1923 2228 2200 1965 2493 2012 2162 2570 1993 2512 2162 2657 2595 2539 2606 2506 2060 2149 2611 1955 2134 2521 2609 2601 1989 2581 2549 2518 2527 2555 2532 2537 2173 2193 2450 1977 2240 2141 2534 2041 2537 2554 1961 1970 2494 2014 2513 2707 2171 2124 2639 1921 2030 1995 2582 1984 2606 2234 2120 2668 2577 1996 2139 2616 2551 1927 2470 2639
2556 1977 2150 2627 2440 2010 2569 1984 1973 2033 1946 2383 2502 2514 2538 1983 1982 2587 2204 1982 2481 2041 2122 2271 2661 2548 1938 1988 2193 2133 2570 2057 2196 2531 2537 2493 2228 2100 2634 2540 2483 2008 2029 2216 1976 2454 2538 2031 2480 2028 1981 2657 2008 2007 2589 2142 2100 1980 2008 2425 2058 2469 1985 2157 2567 2169 1919 2538 2618 2574 2620 1995 2523 2008 2256 1966 2006 2520 2015 2619 2583 2019 2664 2014 2073 2639 1892 1997 2633 2603 2430 2534 2521 2561 2561 2538 2032 2217 1966 2561
2556 2014 2527 2563 2692 2506 2614 2103 2531 2490 2041 1970 2548 2633 2603 2555 2247 2023 2206 2532 2561 1952 2084 2563 2145 2646 2028 2482 2637 2502 2020 2170 2652 2043 2004 2547 2645 2553 2465 2062 2159 2574 2563 2599 2161 2051 2595 2158 2568 2506 2579 2107 1951 2029 2492 2620 2593 2536 1999 2574 2540 2526 2692 1956 2632 2497 2580 2515 2537 2566 2187 2557 2574 2533 1989 2537 2574 2011 2031 2740 1978 2193 1985 2076 2669 2620 2588 2243 2619 2176 1918 2582 2427 2013 2557 2161 2636 2602 2197 2582
2187 2609 2042 2221 2611 2531 2568 2617 2568 2476 2668 2520 2534 2586 2108 2014 2595 2216 2116 2211 1987 2587 2564 1974 2051 2032 2588 2009 2635 2176 2602 2526 2000 1980 2059 1994 2630 2150 2547 2543 2606 1894 2555 2037 2042 2524 1902 2549 2122 2006 2543 2199 2544 1980 2577 2496 2186 2161 2592 2572 2684 2506 2512 1952 1988 2696 2533 2516 2536 2499 2008 2502 2510 2564 1898 2543 2621 2552 2557 2140 2211 2645 2561 2518 2603 2561 2576 2548 2003 1995 1996 2604 2595 2162 2012 2657 2007 2155 2434 2104
2609 2489 2099 2010 1986 2571 1954 2541 2017 2576 2049 2048 2622 1938 1988 2586 2705 2069 2679 2543 2542 2532 2184 2192 2615 2649 2583 1990 2202 2578 2562 2596 2047 2577 2151 1920 2550 2689 2173 2055 2072 2162 2571 2566 2562 2660 2613 2693 1918 2115 2553 1962 2224 2218 2603 2547 2680 2646 2506 2156 2527 2188 2621 2505 2017 2623 2490 2555 2699 2508 2502 2046 2638 2582 2130 2151 2023 2638 2504 2518 2441 2180 1980 1987 2023 2527 2571 2486 2676 2012 1959 2549 2137 2520 2186 2515 2138 1991 1959 2509
2654 2005 2521 2429 2582 1983 1918 2545 2029 2578 2088 2024 2573 1990 2059 2596 2597 2532 1944 1991 2588 2606 2664 2559 2100 2473 2177 2498 2034 2686 2569 1995 1966 2208 2229 1976 2013 2509 2014 2611 1960 2662 2549 2529 2029 2566 2495 2646 2614 2658 2593 2229 2684 2563 2512 2037 2068 2641 2563 2028 2184 2150 2614 2260 2211 2419 2684 2120 1928 2606 2603 2660 2633 2580 1924 1931 2574 1992 1986 2478 2069 2043 2031 2524 2047 2591 2549 1971 2042 2550 2221 2299 2606 2196 2517 2658 2004 2518 1995 1990
2532 2488 2618 2529 1985 2590 2026 2605 2479 2210 2614 1967 2543 2636 2518 2008 2012 2478 1995 2494 2033 1951 1992 2552 2514 2126 2503 2078 1989 2641 2093 2566 2536 2520 1917 2100 2019 2515 2213 2568 2530 2723 2469 2612 2551 1948 2135 2229 2727 2607 2058 2002 2016 2006 2101 2164 2023 2509 2541 1999 2498 2552 2613 2609 1947 2188 2631 2616 2617 1985 1915 2531 2027 2526 2665 2428 2162 2001 1999 2659 2520 2473 2521 1982 2161 2556 2519 2603 2482 2506 2603 2164 1958 2051 2498 2503 2148 2427 2497 2493
2574 2139 2003 2600 2169 2181 1983 2483 2590 2577 1953 2579 2509 2634 1976 2611 2578 2176 1944 2546 2157 1975 2501 2052 1964 2136 2512 2642 1986 1870 2495 2520 2635 2538 1957 2552 2027 2251 1980 2592 2509 1981 2565 2588 1997 1947 2000 2583 2462 1955 2564 2145 2013 2588 2562 1962 2688 2543 1944 2220 2579 2564 2608 1970 2595 1978 2595 2508 2590 2655 2206 1934 2659 2170 1925 2561 2618 2669 1964 2048 2179 1937 2698 2534 2522 2067 2584 2597 2512 2561 1988 2472 2092 2614 2644 2543 2124 2584 2096 2000
2474 2162 2618 2001 2597 2183 2578 2409 2596 2633 2009 2446 2493 2196 2595 2001 2635 2458 2607 2159 2496 2591 2533 1923 2617 2674 2074 2501 2613 2121 2500 2545 1988 2156 2016 2046 2547 2434 1989 2589 2610 2599 2597 2220 2072 1974 2526 1995 2509 2586 2114 2119 2529 2700 2616 2547 2648 2094 2566 2588 2068 2545 2210 2577 1952 1994 2582 1977 2604 1982 2563 2494 2559 2230 2026 2135 2580 2598 2152 2632 2469 2589 2561 2125 2206 2094 2654 2164 2555 2001 1972 2516 2524 2031 2652 2075 2133 2446 2164 2562
2559 2136 2592 2630 2180 2067 2649 2233 2048 1911 2136 2501 1983 2176 2025 2207 2090 2027 2203 2553 2506 2557 2029 2157 2614 2460 2035 2512 2444 1974 1952 1981 2189 2524 2566 2561 2479 2005 2046 2519 2206 2490 2478 2523 1975 2049 1986 2109 2138 2039 1910 2516 1979 2642 2559 2678 2005 2020 2627 2555 2690 2566 2564 2487 2605 2001 2515 2577 2176 2548 2567 2095 2610 2134 2635 2543 2617 2018 1962 2596 2091 1917 1987 2602 2528 1895 2022 2013 2048 1916 2658 1953 2544 2105 2183 2622 1964 2582 2601 2196
2092 2143 2628 2184 2002 2571 2598 2598 2483 2563 2511 2493 2155 2532 2760 2507 2461 2583 2525 2556 2647 2645 2145 2660 2514 2092 2583 1927 2711 2606 2587 2171 2650 2207 2043 2596 2620 2592 2478 2143 2097 2601 2108 2090 2590 2220 2022 2494 2493 2135 2429 1976 2621 2141 2617 2007 2602 2519 2615 2449 2435 2599 2021 2094 2121 2080 2617 2494 1954 2668 2094 2012 1987 2023 2027 2038 2588 2591 2595 2574 2173 2606 2622 2203 2552 2241 2132 2538 2589 2646 2628 2529 2034 2471 2629 2025 2189 2516 2546 2598
2640 1965 2651 2058 2540 2675 2218 2552 1974 2645 2617 2550 2610 1955 2051 2161 2501 2601 1996 2527 2598 2532 2555 2078 2172 2017 2476 2016 2513 2454 2135 2626 2558 2591 2122 2056 2255 2173 2482 2572 2597 2546 2645 2581 2046 2170 1966 2587 2501 2229 1944 1967 2203 2622 2002 2461 2546 1958 2566 2152 2142 2442 2502 2164 2015 2048 2517 1982 2579 2018 2569 2629 2035 1953 1969 2177 2616 2087 2562 1938 2578 2713 2493 2555 2519 2017 2005 2000 2553 2141 2131 2459 2520 2071 2021 2537 1983 2003 2220 2610
2053 2647 2615 2650 2015 2548 2001 2536 2562 2029 2156 2548 2659 2595 2050 2588 2031 2539 2529 2625 1935 2034 2555 2610 2552 2188 2624 2670 2655 2522 2183 2499 2569 1994 2033 2491 2153 2177 2170 2118 2462 2062 2034 2608 2038 2550 2014 1999 2674 2642 2524 2529 1894 1998 2634 2600 2547 1961 2250 2565 2146 2603 2586 2495 2000 2558 1976 1972 2480 1912 1942 2489 2056 2525 2098 1907 2152 2529 2591 1940 2570 2525 2018 2523 2584 1999 2581 2152 2201 2086 2013 1977 2570 2607 2129 2566 2002 2519 2595 2474
1991 2646 1895 1950 2163 2618 2159 2630 2583 2662 2555 2534 2545 2578 2567 2543 2230 2086 2565 2542 2493 2040 2572 2104 1983 2648 2441 2606 2552 2132 1961 2495 2049 1925 2092 2253 1969 2536 2017 2531 2546 2031 2021 2637 2504 2577 2211 2010 2584 2539 2486 2435 2002 1967 2566 2032 2704 2187 2535 1934 2072 2562 2569 2452 2540 2552 1898 2651 2422 2033 2574 2649 2512 2502 2559 2609 2307 1985 2743 2601 2011 2603 2098 2643 2085 2570 1957 2054 2607 2407 2554 2620 2508 2223 2033 2464 2044 2031 2551 2448
2011 2032 2127 2047 2076 2638 2046 2175 1937 2040 2194 2128 2464 2582 2550 2576 2142 2572 2048 2538 1988 1985 2416 2481 1979 2577 2175 2177 1955 2577 1989 2122 2502 2575 2621 2053 2204 1989 2596 2481 2604 2525 2530 2516 2019 2530 2622 2011 2539 2105 2171 2636 2041 2556 2225 1960 2607 2462 2024 2029 2100 2043 2507 2487 2182 2519 2215 2585 2211 2398 2147 2006 2470 2587 2573 1978 2585 2615 2615 2542 2483 2615 2135 2472 2617 2564 2507 1982 2022 1923 2524 2136 2025 1988 2581 2547 2015 2661 2673 1935
2547 2488 2188 2595 2187 2634 2616 2536 2186 2610 2614 2637 1962 2178 2522 2060 2484 1953 2495 2519 2124 2060 2559 2501 2598 2075 2110 2581 2561 2479 2054 2032 2417 2080 2559 2552 2041 2015 2613 2152 2581 2529 2522 2586 2518 2620 2624 2602 2609 1969 2019 1990 2631 2140 2598 2568 2530 2003 2568 1990 2081 2511 2261 2640 2563 2634 2511 2539 2138 1966 2624 2498 2555 1999 1979 2542 2522 2564 1995 2693 2157 2013 2587 2568 2064 2682 2140 2567 2472 2616 1987 2577 2253 2027 2597 1995 2507 2439 2145 2138
2051 2002 1962 2639 2567 2491 2591 2621 2640 2013 2009 2563 2649 2573 1943 2651 1988 2025 1935 2495 2535 2550 2648 2645 2578 2560 2007 2441 2008 2531 1994 1921 2779 2576 2500 2074 2209 2541 2140 2191 2618 2101 2478 2018 1989 2597 2586 2490 2484 2568 2201 2510 2533 2006 2600 2598 1998 2196 2552 2195 2119 2142 1958 2607 2597 2126 2212 1889 2545 2068 2532 2518 1954 2595 2467 2013 2604 2518 2480 2619 2139 2598 2626 2269 2596 2602 1945 2191 2605 2605 2620 2652 2567 2593 2547 2557 2629 2710 2528 2054
2036 2098 2618 2531 2520 2621 2225 2040 2004 1967 2556 2530 2601 2631 2047 2616 2479 2533 2039 2561 2576 2480 1999 2012 1979 2003 2194 2035 2175 2499 2617 2546 2595 1974 2538 2053 2577 2568 2605 2554 2145 2524 1958 2513 2591 1913 1982 2029 2504 2537 2206 2133 2557 2490 2502 2168 2032 2221 1989 2507 2003 2607 2606 2596 1996 2187 2465 2159 2705 2615 2541 2216 2458 2053 2030 2008 2005 2554 2580 1997 1983 2157 2508 2522 1996 2121 2188 1952 2034 2566 2551 2156 1957 2053 1945 2130 2462 2549 2127 1970
1914 2644 2127 2158 2032 1948 1947 1998 2528 2486 2533 2581 2562 2632 2499 2183 2535 2607 2012 2598 2481 1997 2594 1956 2526 2193 2505 2561 2048 2635 2610 1886 1986 1991 2230 2594 1946 2526 2170 2593 2525 2202 2586 1959 2155 2534 2279 2158 2454 1946 2496 2215 2552 2547 2003 2008 2587 2498 2636 2011 2149 1942 2174 2571 1988 2142 1989 2557 2504 2579 2007 2503 2601 2546 2228 2024 2022 2189 2647 2516 2543 2166 2577 2498 2490 2004 1973 2519 2609 1977 2721 2577 1976 2602 2586 2622 2252 2032 2134 2587
1941 2164 2086 2744 2589 2477 2154 2526 1978 2537 2182 1988 2064 2632 1992 2657 2026 2049 2492 2026 2004 2227 2571 2103 2004 2693 2505 2603 2523 1950 2582 2540 2655 2516 2516 1999 2494 2047 2542 2497 2149 2603 2569 2599 2031 2568 2487 1955 2413 2630 2025 2119 2034 2623 2500 2519 2056 2525 1982 1964 2581 2593 1987 2459 2023 2063 2534 2498 2575 2002 1995 2568 2544 2557 2588 2574 2602 2583 2196 2153 2009 1984 2018 2613 2085 2568 2472 2704 1971 1990 2685 2495 2059 2519 2536 2500 1952 2511 2000 2061
2569 1952 2210 2627 2574 2596 2610 2029 2611 2449 2186 2235 2546 2062 2519 2560 2103 2610 2577 2543 2515 1937 2102 2150 2519 2611 1978 1959 2605 1991 2024 2029 2551 2490 1965 2484 2651 2166 2493 2103 2540 2555 2033 2206 2492 1941 1989 2682 2564 2504 2555 2535 2519 2064 2493 2208 2047 2613 2535 2000 2551 2528 2203 2516 2579 2072 2032 2570 2505 2478 2576 2661 2580 2108 2132 2527 2214 2029 2264 2165 2555 1965 2512 2495 1942 2628 2086 1981 2538 2482 2570 2031 2002 2531 2390 2619 2490 2596 1977 1952
2503 2234 2586 1996 2670 2167 2659 2213 2653 2447 2526 2007 1991 2026 2517 2051 1986 2577 2516 2471 2669 2194 1956 2598 1936 2126 1961 2559 2056 2163 1982 1985 2549 1947 1962 2668 1969 2027 2501 2543 1970 1966 2425 2141 2050 2496 2591 1932 2228 2639 2551 2615 2592 1981 2504 2508 1932 2537 2562 2575 2139 2584 2112 2559 2618 2558 2532 2615 1984 2598 2527 2607 2555 2003 2235 2485 1942 2558 1945 2562 2064 2617 2497 2123 2691 2442 2021 2029 2472 1921 2650 2615 2178 2522 2627 2568 2580 1978 2678 2019
2548 1948 2578 2186 1985 2075 2565 2213 2206 2583 2441 1974 2747 2065 1988 2015 2018 2626 2485 2515 2513 2555 2649 2557 2030 2611 2618 2585 2493 2011 2057 2017 2091 2449 2509 1945 2089 2002 2144 2556 2506 1989 2518 2641 2636 2573 2533 2172 2055 2029 2476 2632 1947 2479 2602 2020 2608 1938 2739 2157 2035 2494 1902 2631 2582 2636 2164 2180 1999 2568 2605 2140 2561 2104 2001 2559 2640 2515 2586 1964 2567 1986 2178 2574 2619 2583 2394 2040 2512 2624 2627 2605 2577 1990 2036 2570 2519 2626 2567 2578
2645 2053 2108 2047 2061 2702 2019 2034 2574 2108 2592 2600 2540 1983 2591 2005 2549 2679 2006 2581 2598 2045 2629 2527 2518 1997 2093 2622 2037 2534 1969 2528 2578 2628 1991 2511 2486 2000 2445 2571 2113 2602 2116 2086 2043 1998 2169 2763 2605 2515 2532 2574 2125 2015 2630 2607 2548 2604 1974 1986 2053 2172 2564 2514 2592 2139 1955 1988 2032 1909 2544 2530 2565 2582 2607 2018 2013 2707 2668 2600 2603 2020 2490 2121 2164 2071 2644 2571 2113 2506 2092 2572 2037 1907 2098 2001 2567 2536 2121 2615
2072 2563 2005 2459 2050 2600 2150 2014 1993 2792 2518 1950 2160 2530 2534 2600 2162 2549 2561 2488 2584 2588 2160 2075 2573 2518 2575 2427 2032 2581 2178 2031 2564 2684 1940 2681 2585 2010 2627 2622 2500 2236 2488 2614 2040 2100 2625 1969 2211 1977 1974 2506 2513 2123 1974 2053 2520 1956 2574 2062 2208 2510 2146 2442 2550 1970 2506 2401 1984 2572 2210 2614 2075 1962 2577 2580 2552 1982 2525 2018 2230 1988 2426 1975 2479 2008 2564 1977 2656 2029 2539 2529 2010 2583 2025 2618 2603 2575 2621 2504
2588 2567 2203 2603 2022 1978 2645 2630 2047 2528 2546 2022 2478 2635 1978 2116 2508 1930 2027 2011 2568 1987 2015 2052 2654 2025 2059 2587 2543 2676 2017 2032 2617 2172 1942 2169 2703 2522 2787 2013 1929 2062 2536 2211 2193 1943 2029 2514 2159 1934 2419 1991 2528 2164 1990 2023 2485 2111 2091 2585 2196 2478 2146 2162 2538 2527 2014 2516 2034 1989 2018 2623 2683 2173 2627 2594 2571 2638 2551 2565 2068 2625 2686 2657 1915 2091 2027 2085 2633 2136 1966 2598 2471 2220 2474 2559 2170 2585 2525 2532
2537 2496 2575 2052 2585 2195 2096 2608 2608 2456 2207 2198 2634 2501 2495 2562 2666 2138 2709 2598 2473 2540 2648 2564 1982 1978 2534 2198 1984 2054 2609 1967 2501 2531 2041 2545 2499 2163 2614 2014 2506 1907 2563 2115 1930 2584 2642 2202 2405 2048 2048 1990 2732 2053 2170 2455 2670 2569 2602 2212 2706 2249 2198 2597 2556 2276 2533 2579 2180 2660 1917 2479 2702 2565 2609 2070 2721 2468 2471 2585 2630 2684 2664 2016 2491 2133 2509 2034 2046 1939 2537 2105 1982 2663 2562 2155 2455 2532 2548 2756
1967 2642 2563 2202 2159 2491 2625 1946 2159 2643 2044 1941 2081 2606 2005 1955 2035 2606 2603 2642 2694 1998 2547 2172 2474 2596 2009 2509 2610 1998 2193 1998 2595 2484 2471 2009 2640 2185 2169 1955 2689 1987 2528 2171 2562 2620 2646 2051 2543 2624 2502 2004 2677 2561 2656 1971 2626 2070 2576 2138 2119 2604 1843 2169 2557 2220 2520 1992 2538 2625 2635 2477 2519 2105 2631 1979 2627 2547 2608 2632 2010 2575 2238 2490 2178 2186 2564 2452 1949 2234 2417 2488 2081 1986 2007 2036 2576 2214 2084 2576
2560 2538 1999 2545 2677 2484 2035 2537 2484 2514 2003 2570 2624 2587 2599 2568 2528 2526 2159 2034 2033 1915 1912 2083 2505 2111 2011 2758 2079 2069 2031 2476 2557 2214 2628 2592 2596 1993 2514 2033 2622 2554 1929 2548 2576 2103 1969 2036 2521 2571 2088 2005 1980 2644 2203 2470 2533 2066 1958 2047 2507 2485 2528 2082 2164 2000 2011 2112 2515 2540 2463 2004 2565 1948 2044 2542 2006 2560 2530 2564 2694 2042 2577 2478 2214 2570 2577 1963 2108 1994 2515 2179 2134 1932 1952 2011 2505 1961 2229 2581
2737 1993 1998 2569 2104 2558 2570 2083 2209 2222 2005 2577 2546 2635 2038 2633 2006 2464 2575 2195 1980 2004 2648 2470 2493 2020 2057 1983 2540 2472 2499 2131 2592 2010 2463 2025 2541 2124 2083 2015 2578 2483 1954 1998 2622 2681 2500 2473 2221 2038 2637 2593 2648 1948 2013 1909 2630 2136 2147 2594 2507 2609 2592 2581 2230 1942 2054 2034 2503 2168 2599 2025 1986 2511 2579 2004 1949 2002 1972 2492 2403 2540 2503 2588 2601 2559 2600 2109 2643 1988 2629 2151 2590 2051 2634 2596 2204 2541 2534 2229
2570 1994 1929 2190 2001 2633 2565 2663 1937 2114 2508 2520 2575 1942 2479 2478 2000 2555 2469 2544 2564 2438 2009 1951 2704 2500 2527 2600 1960 2542 2505 2612 1982 2644 1920 1948 2104 2601 2600 2554 2643 1971 2579 2061 2025 1986 1901 1998 2203 2078 2504 2227 2426 2244 2508 2454 2562 2035 2129 2649 1980 2478 2714 2475 2504 1937 2111 2521 2012 2547 2271 2583 2283 1961 1919 2163 2586 1976 2037 1935 2599 2139 1970 2501 2657 2615 2643 2585 2568 2605 2166 1981 2172 2531 2607 2671 2535 2068 2548 2569
2026 2594 1976 2048 1984 2629 1987 2560 2605 2092 2157 2140 2488 2051 2584 2577 2104 2576 2114 2560 2026 2624 2624 2546 2202 2160 2100 2056 2162 1973 2497 2642 2528 2577 2201 1951 2498 2577 1993 2443 2560 2590 2026 2540 1915 2052 2554 2500 2556 2003 2177 2183 2532 2092 2545 2604 2704 2495 2115 1991 2170 1989 2552 2022 2111 2072 2562 1953 2431 2036 2186 2586 2598 2597 2536 2100 2209 1974 2522 2573 2552 2574 2496 2544 2509 2053 2536 2541 2468 1982 2035 2621 2524 2628 2615 2157 2593 2614 2627 2600
2156 2520 2513 2558 2560 2609 2030 2521 2077 2548 2497 2625 2524 2452 2540 2626 2250 2617 2487 2613 2561 2611 2034 2607 1964 2651 2597 2579 2176 2587 1984 2559 2045 2482 2520 2645 2000 2544 2081 2736 2044 2603 2569 2764 2620 2638 2511 2482 2624 1935 1911 2056 1982 2239 2017 1974 2626 1990 2616 2073 2022 2539 1981 2133 2055 2566 2577 2434 1975 2026 2575 2578 2497 2044 1988 2604 2115 2454 1999 2614 1989 2495 2408 2000 2196 2655 2469 2669 2110 2013 2521 2512 2002 2176 2217 1946 2544 2561 2616 2560
2535 2531 2015 2520 2619 2587 1980 2573 2246 2495 1974 2600 2573 2169 2594 2598 2477 1983 1991 2633 2575 2528 2036 2538 2633 2483 2224 2529 2112 2005 2572 2077 2489 2540 2013 2611 2523 2064 2126 2058 1980 2513 1919 2177 2231 2502 1931 2203 2100 2609 2601 2572 2004 2689 2585 2196 2208 2493 2687 2531 2591 2554 2031 2494 2532 2624 1959 2105 1992 2143 1956 2170 2023 2551 2657 2010 2195 2528 2582 2633 2579 2086 2235 1988 2196 2524 2513 2039 2617 2077 2031 2588 2089 2024 2735 1965 1956 2664 2495 2587
2013 2554 2529 2036 2572 2055 2647 2472 2584 2626 2491 2077 2580 2596 2559 2132 2028 2641 2503 2538 2023 2139 2437 2523 2572 2562 2479 2171 2017 2538 2047 2163 2570 2546 1999 2535 2139 2596 2202 1930 2180 1979 2199 2626 2211 2012 2218 2535 1985 1928 2217 2427 2111 2175 2128 2607 2623 2036 2176 2036 2669 1991 2224 1940 2525 2042 2482 2558 2579 2444 2462 2018 2178 2042 2022 2029 2000 1989 2023 2576 2471 2606 2170 2484 2506 2510 2199 2003 1921 2043 2214 1993 2008 2009 1961 1964 2534 2611 2553 2202
1930 2189 2573 2544 2581 2541 2041 2612 2101 2012 2170 2671 2051 2161 2137 2458 2120 2637 1955 2595 2018 1951 2472 2025 2146 2078 1976 1997 2567 2205 2603 2449 2606 2037 2534 2519 2461 2585 1949 2238 2076 2571 2199 2570 2613 2125 2663 2583 2566 2684 2190 2535 1930 2624 2511 2022 2150 1978 1944 2602 2565 2161 2496 1998 2677 1963 2164 2564 1997 2610 2013 2626 2628 2578 2015 2637 2610 1996 1991 2440 1975 2699 2054 2183 2587 2124 2642 2613 2558 2170 1964 2582 2013 2600 2534 2152 2585 2582 2169 2595
2676 2652 2675 2672 2527 2520 2473 2564 1937 2052 2577 1923 2680 2673 2165 2521 2022 2658 2627 2585 2637 2241 1992 2507 2447 2567 2610 1964 2551 2473 2522 2045 2611 2229 2539 2599 2623 2175 2743 1939 2554 2552 2505 2518 1977 2050 2495 2572 2123 2046 2005 2502 2165 2630 2022 2547 1976 2512 2066 2460 2604 2007 2243 2534 2493 2664 2540 2532 2151 2145 2038 2032 1876 2648 2523 2257 2554 2046 2011 2602 2636 2477 1999 2002 2624 1965 2568 2520 2496 2577 1957 2598 2154 2006 2598 2522 2587 1922 2559 2149
2610 2072 2143 2520 2208 2616 2571 2175 2086 1999 2023 2548 2036 1955 2545 2618 2597 2220 2475 2458 2586 2233 2545 2022 2048 2543 2049 2148 2516 2612 2394 1954 2562 1996 2001 2440 2553 1929 2565 2278 2566 2578 2064 2072 2638 2484 2538 2571 2595 2202 2044 2522 2681 1901 2504 2600 2199 2533 2124 2106 2652 2557 2204 2593 2225 1987 1991 1974 2615 1983 2466 2542 2598 2721 2548 2603 2587 2525 2490 2004 1997 2626 2604 2629 2634 2573 2529 2149 2561 2491 1968 2608 2007 2533 1975 2014 1955 2163 2600 2521
2586 2662 2600 2199 2571 2572 2616 2100 2007 2556 2722 2066 2553 2557 2256 2621 1969 2452 2041 2442 1957 2157 2648 1944 2597 2028 2562 2023 2028 2605 2586 2520 2661 2020 1997 2498 1980 2620 2527 2590 2047 2613 1966 2594 2132 2163 2623 2063 2532 1962 1970 2238 2429 2517 2645 2606 2036 2043 2168 1931 2544 2170 2655 2037 2611 2721 2091 2541 2178 2469 2493 2691 2008 2061 1932 2593 2073 2540 1990 2206 2557 1965 2616 2701 2044 2595 2128 2553 2572 1989 1978 2487 2405 1916 2502 1973 2583 1966 1980 2238
2528 2767 2574 2182 2605 2648 2586 2589 2003 1994 2010 2040 2016 2618 2665 2659 2664 2002 2033 2570 2087 2600 2066 2561 1935 2186 2599 1973 2650 1954 1980 2628 2493 2606 2454 2008 2057 2602 1995 1985 1985 2077 2537 2511 2590 2164 2211 2574 2440 2554 2721 2435 2120 2400 2503 1909 2511 2435 2537 2495 2028 2564 2193 2191 2018 2607 2062 2556 2022 2604 2500 1986 2486 2043 1976 2562 2549 2481 1970 2653 1989 2629 2015 2034 2625 2558 2242 1922 1985 2629 2607 2602 2142 2223 2110 2673 2562 2002 2619 1991
2109 2010 2543 2482 1949 2531 1963 2273 2011 2481 2671 2057 2561 2008 1973 2483 2601 2117 2554 2010 1987 2604 2036 2018 1936 2579 2546 2621 2507 2003 1951 2075 2652 2560 2570 2544 2568 2045 2522 2658 2626 2609 2631 2034 1953 2574 2556 2247 2199 2169 2653 2105 2482 2509 2544 2551 1972 2039 1967 1982 2492 1947 2607 2625 2537 1993 2578 2622 1952 1976 2238 1993 2000 2625 2106 2150 2250 2049 2619 2038 2125 2630 2175 2509 2004 2137 2027 2498 2481 2043 2115 2130 1979 2604 2192 2001 2630 1968 2039 2554
2500 1960 2520 2007 1926 2696 1998 2150 1947 2130 2596 2463 2403 2583 2571 2603 2526 2692 2509 1988 1979 1980 2007 2495 2591 2492 2615 2503 2102 1952 2572 1925 2042 2661 1964 1929 2650 2603 2617 2075 2549 2567 2455 2512 2500 2210 2615 1950 2536 1941 2566 1974 2670 2002 2010 2537 2177 2497 2658 2580 2202 1978 2016 2038 1985 2066 2151 2553 1957 2578 2100 2618 2551 2566 2011 2599 1925 2067 2626 2008 2544 2024 2126 2171 2010 2613 2146 2514 2127 1963 2207 2220 2276 1980 2067 2601 1985 1970 2118 2663
2013 2486 2182 2087 2543 2538 2566 2705 2079 2002 2078 2480 2596 1921 2574 2430 2169 2060 2038 1948 2011 2674 2497 1934 2546 2587 2197 1995 2001 2462 1966 2648 2524 2419 2551 2477 2124 2215 1981 2522 2605 2131 1971 2535 2625 2525 1987 2652 2162 2563 2666 2577 2016 2039 2169 2176 2029 2137 1997 2571 2081 2626 2631 2568 1971 2638 1961 2067 2644 2175 2701 2600 2570 2075 2134 2595 2490 2044 2544 2054 2029 2582 2556 2157 2597 2093 2112 2500 2237 2232 2022 2428 2665 2511 2565 2570 2614 2000 2582 2638
2550 1982 2616 2561 2621 2526 2593 2502 1959 2560 2539 2513 2507 2039 2052 2678 2005 2599 2541 1931 2431 2025 2024 2621 2621 2510 2436 2488 1981 2670 2011 1980 2496 2039 1964 2061 2591 2664 2688 2144 1917 2625 2542 2569 2068 2613 1972 2666 2598 2700 2626 2538 2579 2355 2557 2573 2029 2178 2149 2677 2028 2111 2599 2242 2254 1993 2786 2624 2585 2610 2624 2467 2634 2033 2536 2197 2674 1945 2589 2536 2048 2638 1848 1988 2558 2544 2008 2475 2460 1942 2175 2000 2168 2613 2532 2643 2444 2208 2529 2510
2236 2181 1966 2621 1902 2542 2524 1995 2512 1944 2546 2182 2210 2004 2681 2575 2130 2579 2624 2066 2667 2028 2691 2591 2534 2652 2515 2594 1980 2592 1999 2174 2581 1975 2595 2463 2609 2145 2068 2595 1983 2546 1929 1935 2078 2003 2507 2641 2489 2539 2494 1923 2125 2094 2021 2013 2526 2140 2594 2120 2556 2689 2633 2571 1905 2577 2168 2553 2250 2052 2592 2159 2564 2613 2558 2555 2481 2550 2014 2037 2104 2702 2571 2199 2504 2536 2063 2667 2580 2211 2551 2477 2501 2531 1933 2052 2526 2126 2546 2591
2008 2550 2188 2151 2506 2522 2228 2054 2627 2514 2492 1971 2140 2598 2162 2553 1960 2605 2132 2021 1944 2580 1973 2554 2227 2538 2227 2210 2522 2551 2588 2602 2717 2029 2643 2576 1987 2627 2584 2121 2583 2458 1980 2613 1994 2015 2648 2036 2031 2591 1967 2143 2016 1988 2006 2213 1958 1993 2015 2676 2550 2639 2032 2015 2093 2478 1993 2581 2582 2537 2544 2604 1875 2042 2122 2626 2588 2624 2637 2574 1978 2052 2665 2073 2022 2060 2587 2538 2020 2041 2668 2617 2543 2522 2484 2555 2651 2563 2050 1998
1978 2247 2607 2532 2628 2594 1967 2150 1918 2655 2123 2497 2686 1967 1970 2663 2509 2568 2562 2492 1993 2132 2602 2459 1943 2201 2536 2451 2114 2519 2574 2627 2604 1904 2520 2207 2539 2556 2038 2179 1962 2165 2678 2159 2242 1910 2591 2596 2433 2554 1941 2559 1961 2553 2592 2588 2031 2545 2528 2208 1986 2613 2565 2051 2517 2503 2020 2518 2123 2557 2088 2149 2055 2544 2555 2633 2050 2523 2514 1939 2566 1946 2610 1980 2006 2162 2057 2581 2015 2035 2507 2588 2522 2571 2685 1939 1944 2600 1947 2044
2565 2577 2028 1981 2541 2610 2015 2616 2179 2644 2198 2035 2475 1952 2475 2551 2094 2020 2005 1997 2528 2506 2558 2188 1995 2142 2628 2164 2582 1889 2156 2600 2020 1974 2055 2746 2629 1966 1967 2593 2546 2025 2076 1989 2134 2588 2610 2514 2158 2513 2572 1989 2436 2523 2635 2513 2560 2056 2401 2103 2051 2556 2572 2185 2578 1971 2533 2571 2596 2622 2517 2620 2533 2579 2226 2102 2006 2582 2513 2528 1933 2472 2618 2182 2559 2531 2524 2135 2656 2478 2627 2563 2080 1995 2176 2614 2572 2479 2531 2564
2512 2529 2521 2049 1963 2633 2104 2565 2575 2004 2489 2135 2190 2235 2022 2226 2613 2517 2128 2576 2012 2646 1942 2452 2602 2019 2533 2558 2530 2659 2023 2075 2496 1952 2562 2155 2530 1944 2590 2654 1956 1990 2588 2516 2502 2521 2539 2508 2670 1958 2557 2547 1913 2631 2069 2251 2636 2611 2621 2531 1913 2122 1984 2590 2561 2494 2079 2213 2556 1979 2542 2575 2623 2157 2142 1984 2024 2216 2594 2158 2458 2011 2553 2029 2515 2023 1992 2058 2705 2197 2214 2618 2638 2048 2600 2006 2524 2506 2067 1926
2623 2554 2657 2542 2152 2584 2462 2584 2011 2460 2524 2025 2609 2539 2633 2585 2631 2573 2554 2640 2559 2580 2582 2543 2497 2462 2021 2630 2099 2592 2587 2147 2106 2506 2593 2611 2042 2144 2613 2561 2503 1923 1996 2605 2422 2120 2522 2076 2006 1963 2640 2633 2524 1988 2581 2505 2058 2078 2540 2050 2653 2593 2678 2574 2573 2520 2109 2385 2519 2498 2003 2635 2174 2546 1971 2559 2004 2726 2011 2027 2422 2012 2588 2589 2619 2641 2068 2552 2541 1915 2100 2395 2503 1963 2491 2067 2558 2574 2537 2130
2587 2588 2558 2636 2576 2511 2545 2048 2599 1982 2135 1960 2518 2682 2479 2522 1973 2623 2604 2533 2626 2615 2034 2448 1997 2588 2517 2233 2150 1960 2158 2545 2019 2040 2129 2478 1966 1942 2508 2089 2598 2189 2682 2551 2587 2665 2489 2650 2116 2059 2212 2186 2184 2543 1996 2287 2185 2592 2548 2099 1986 2552 1971 2620 2044 2155 2617 2060 2142 1997 2036 2586 2509 2052 2545 1983 2068 2473 1962 2225 2630 1989 2586 2545 2064 2188 2605 2606 2492 1970 2565 2520 2594 2113 2533 2065 2003 2506 2551 2587
2139 2179 2130 2203 1973 2025 2604 2597 2466 2572 2445 2566 2028 2474 2678 1968 1940 2663 2628 2208 2016 2225 2175 2491 1995 2416 2545 2021 1994 2679 2014 2583 2493 2006 2115 2480 2155 2651 2033 2606 1980 2523 2583 2191 2588 2490 2543 2522 1910 2090 2177 2667 2605 2514 2592 2601 1974 2610 2659 2503 2005 2478 2572 2592 2032 2183 2639 2546 2586 2120 2507 2079 1981 2556 2555 2485 2156 2001 2592 2455 2618 2603 2189 1995 1994 2136 1961 2497 2509 2630 2623 2107 2620 2557 2465 2524 2538 2518 2548 1963
2050 2423 2128 2193 2587 2148 2017 2555 2595 2032 2003 2563 2666 2660 2567 2550 1960 2030 2538 2672 2025 2127 1994 1931 2596 2536 2669 2155 2612 2054 2537 2618 2122 2586 2651 2542 2555 2500 2565 2677 1984 2588 2520 1931 2517 2153 2594 2016 2039 1937 2516 2640 1918 2591 2427 1964 2167 2108 2078 2064 2544 2512 2149 2658 2145 2006 2181 2599 2166 2614 2569 2156 2440 2223 2489 2097 2513 2612 2004 2552 2539 1983 2023 2171 2725 2048 2577 2562 1978 2574 2546 1986 2607 2525 2403 2004 1992 2035 2668 2559
2142 2589 2560 2646 2574 1965 2607 1967 2112 2522 2509 2587 2621 2591 2002 2425 2145 2501 2204 2007 2634 2694 2509 2069 2494 2455 2483 2624 2060 2639 2482 2061 2577 2092 2022 2595 2170 2470 2135 2583 2131 2531 2142 2526 2756 2574 2569 2611 2016 2558 2654 2624 2055 2593 2696 1992 2507 2204 2077 2445 2585 2496 2553 2438 2583 1987 1967 2068 1977 2633 2059 2186 2599 2171 2145 2521 2557 2200 2572 2167 2616 2147 2615 2448 1973 2494 2045 2486 2416 2693 2158 2608 2425 2585 2613 2000 2183 2559 2045 2631
1980 2434 2546 2519 2102 2487 2159 2641 2566 2582 2452 2163 2551 2614 2013 2501 2366 2517 2033 2204 2605 2479 2037 2595 2076 1961 2545 2580 2102 1988 2608 2023 2003 2456 2522 2124 2098 2020 2531 2019 2635 2560 2120 2628 2064 2547 2550 2025 2004 2598 1983 2025 2128 2088 1940 2445 2189 2119 2634 2563 2182 2022 2534 2006 1988 2504 2524 2045 2577 1968 2612 2520 2004 2003 2049 2038 2021 2529 2524 2617 2026 1940 1991 2097 2025 2064 2551 2046 2552 2496 2539 2196 2207 2209 2070 2597 2542 2640 2577 2472
2645 2193 2654 2584 2562 2571 2026 2516 1942 2574 2110 2603 2013 2548 2252 2599 2632 2030 2156 2551 2044 1958 2573 2624 2463 2745 2165 2476 2172 2505 2543 1965 2008 1966 2023 2182 2533 2522 2162 2440 2595 2531 2043 1997 2670 2518 2574 2548 2015 1983 1950 2602 1955 2622 2744 2583 1929 2194 2494 2049 2428 2158 2028 2162 2177 2004 2679 2196 2573 1947 2189 1972 2476 2500 2595 2578 2079 2583 2006 1927 2545 2175 2120 2573 2551 1983 1985 2523 2612 2644 2631 2614 2583 2458 2001 2500 2153 2046 2056 2595
2199 2025 2462 2000 2608 1956 2017 2048 2212 1950 2060 2582 2499 2601 2005 2669 1983 2459 2502 2591 1970 2045 2146 2525 1972 2506 2128 2055 2641 2128 2523 2013 2013 1971 2034 2470 2433 2592 2603 2137 2496 2557 2662 2434 2210 2629 2475 1899 1978 1936 2632 2630 2642 1963 1974 2541 2533 2546 2596 2141 2506 2608 1962 2595 1941 2553 2513 2384 2184 2550 2609 2701 2135 2198 1958 1978 2648 1991 2161 2605 2024 2544 2051 2545 2503 2587 2525 2644 2433 2499 2598 2583 2446 2048 2463 2062 2457 1957 2036 1999
2262 2107 2061 2589 2108 2570 2012 2514 2098 2609 2062 2576 2582 2588 2626 2559 2506 2142 2567 2617 1992 2605 2072 2003 2035 2752 2595 2267 2544 2479 2644 2514 2203 2160 2009 2016 2564 1961 2567 2687 2571 1984 2190 2676 2570 2558 2023 1999 2606 2020 2543 2476 2580 2104 1949 2557 2518 2090 2003 2463 2535 2510 1968 2545 2004 2116 2556 2594 2560 2268 2192 2154 2592 2133 2596 1986 2032 2014 2608 2460 1965 2523 2185 2608 2463 2619 2605 1944 2527 1947 2540 2457 2414 2279 2595 2155 2500 2623 2483 2192
2527 1948 2543 2606 1933 2242 1919 2172 2056 2708 1955 2594 2133 2481 2588 1975 2176 2551 2131 2557 2530 2100 2470 2208 1982 2547 1978 2610 1985 2586 2585 2039 2058 2526 2640 2520 2678 2177 2631 2576 1970 2564 2664 2477 2645 2601 2590 2172 1961 2613 2466 2605 2035 2512 2671 1954 1974 1955 2578 2477 2086 2028 1927 2715 2113 2571 2044 2137 2634 2543 2018 2084 2018 1954 2012 2044 2559 2572 2550 2510 1931 2145 1997 2082 2599 2160 2090 2069 2599 1941 2561 2651 2605 2552 2505 2511 2508 2595 2166 2201
2154 2627 2627 1923 2587 2539 2492 2705 2545 2546 2509 2493 2479 2548 2372 2066 2646 2595 2528 1948 2599 1962 1966 2569 2665 2159 1971 2005 2047 2539 2536 2515 2581 2504 2547 2518 2505 1972 2128 1983 2535 2127 1966 2559 2003 2517 2115 2007 2004 1957 2496 2361 2556 1949 2578 2168 1954 2069 2163 2474 2548 2539 1984 1954 2527 1973 1947 2471 2529 2210 2103 2643 2498 2031 2545 2148 1932 2035 2214 2054 1917 1982 2548 2551 2535 2493 2004 1945 2011 2202 2190 2180 2554 2556 2545 2652 2043 2580 2557 2568
2546 2551 2062 2601 2507 2628 2648 2671 2616 1963 2447 2573 2540 2622 2483 2077 2601 2006 2732 2561 2578 2602 2028 1974 1933 2654 1981 2126 2528 2147 2506 2031 2064 2043 1985 2563 2230 1964 2599 2088 1976 2535 2190 2125 1972 2577 2498 2551 2060 2685 2288 1996 2223 2149 2020 2619 2607 2613 2581 1999 2589 2546 2017 2092 2490 2588 2025 2553 2646 2159 2191 2553 2058 2150 2659 2634 2645 2668 2572 1962 2495 2677 2206 2058 2545 1936 2204 2145 2679 1952 2520 2604 2598 2456 2642 2552 2620 2178 2186 2113
2561 2615 1971 2615 2631 2550 2622 2025 2195 2554 2525 2156 1918 2173 1962 2567 2014 2656 2561 2164 2583 2516 2523 1945 2212 2099 2044 2208 2526 2597 2522 1976 1994 1941 2551 1960 1980 1940 2011 2022 2195 2680 2715 2601 2071 2192 2208 1986 2007 2109 2484 2033 2451 2142 2606 2530 2587 1916 1941 1996 2018 2585 2591 2573 2569 2623 2599 2560 2293 1948 2519 2567 2143 2149 2021 2563 2031 2001 2023 2002 2639 2580 2651 2430 2582 2032 2607 2002 2077 2044 1918 2561 2157 2151 1988 2229 2116 2562 2645 2008
2635 2562 2512 2646 2008 2026 2534 2600 2533 2616 2486 2589 2588 2191 2157 2609 2664 2163 1948 2627 2607 2125 1989 2010 2586 1957 2606 2615 2485 2001 1962 2618 2041 2574 2550 2660 2147 2628 2506 2037 2183 2446 1992 2561 2458 2630 1992 2669 2086 1944 2567 2009 2610 2179 2120 2623 2566 2605 2619 2628 2635 1992 2487 2573 2504 2417 2572 1891 2509 2579 2571 2649 2511 2543 2011 2150 2160 2499 2097 1958 2650 1986 2525 2612 2564 2587 2492 2540 2549 2003 2213 1984 2601 2503 2540 2219 2468 1971 2447 1994
2486 2518 2515 2583 1971 2006 2583 2684 1978 2563 2542 2263 1978 1950 2031 2576 2597 2566 2154 2546 2044 2535 1924 2213 1961 2565 2681 2028 2020 2198 1908 2680 2200 2579 1934 1981 2515 2513 2568 2189 1947 1887 1935 2551 2493 2029 2652 2587 2571 2224 2613 2609 2170 2609 2688 2008 2546 2125 2550 2419 2180 2019 2480 2056 1990 2601 2585 2135 2455 2615 2510 1981 2606 2464 2359 2140 2465 1996 2052 2616 2014 2549 2469 1996 2033 1930 2097 2562 2580 2625 2015 2646 2160 2032 2028 2031 2603 2537 2493 2504
2611 2499 2598 2524 2195 1959 1966 2655 2176 1940 2139 2569 2169 2231 2538 2214 2550 2597 1979 2572 2612 1963 2587 2145 2586 2480 1998 1993 2235 2530 2019 2465 2134 2579 2611 2209 2577 1991 1977 2532 2477 2515 2137 1929 2078 2497 2592 1957 2601 2087 2035 2553 2144 2117 2464 2667 2127 2508 2669 2221 2199 2672 2524 2003 2286 2627 2199 2530 2057 2604 1908 2537 2647 2475 1959 2594 2126 2211 2445 2662 2065 2527 2552 2537 2042 1945 2037 2028 2498 2549 2170 2054 2499 2516 2515 2543 1977 2583 2045 2619
2583 2061 2165 2008 2606 2537 2669 2004 2586 2686 2606 2129 2095 2536 2578 2580 2465 2583 2552 1983 2460 1995 2144 2002 1995 2442 2693 2575 2559 2212 2118 2562 2556 2591 2025 1934 2019 2552 2026 2550 2506 2530 2662 2662 2175 2616 2651 1967 2555 1967 2697 2661 2539 2717 2634 2572 1936 2525 2010 2587 2136 2578 2700 2744 2646 2203 2576 2716 2645 1947 2055 2526 2518 2486 2139 2495 2071 2558 2502 2550 1968 2271 2568 2610 2210 2071 1958 2553 2101 2706 2258 2580 2555 2614 1998 2572 2532 2553 2566 2501
2577 1989 2532 1998 2586 2613 2566 2554 2564 2530 2617 2238 2569 2532 1928 2512 2002 2506 2532 2262 2526 2709 2560 2506 2646 2493 2189 1930 2547 2453 2063 2452 2726 2471 1995 2539 2438 2106 2655 2108 1946 2475 2018 2019 2166 2667 1999 2538 2534 2527 2394 2613 1908 2436 2640 2530 1997 2513 2538 2530 2515 2046 2540 1923 2128 2633 2004 2092 2491 2028 2545 2186 2009 2542 2550 2043 2132 2212 1968 1967 2005 2519 1980 2687 2627 2013 2639 2472 2076 2538 2576 2120 2606 2594 2183 2661 2625 2217 2086 2234
2428 2529 2184 2012 2180 2459 1990 1960 2190 2559 2614 1914 1971 2553 2593 2598 2672 2615 2116 2545 2532 2536 2682 2602 2135 2054 2100 2078 2524 1912 2016 1946 2605 2587 2280 2134 2007 2198 1883 2510 1970 2526 2552 2025 2088 2015 2617 2553 2619 2242 1947 2502 2642 2134 2082 1953 2526 2553 2575 2548 2154 1996 2448 1950 1980 2463 2540 2640 2034 2472 2577 2521 1948 2215 1905 2528 2492 1958 2441 2211 2191 2017 2046 2231 2681 2585 2486 2576 1929 2633 2728 2258 2548 2158 2215 2142 2033 2682 1979 2234
2582 2233 2528 2218 2281 2050 1984 2715 1986 2023 2553 2531 2649 2570 2516 2019 1983 2064 2492 2170 2179 2530 2579 2513 2616 2535 2188 2037 1986 2433 2192 2613 2703 1985 1947 2159 1989 2516 2006 2511 1942 2143 2476 2118 2542 2154 2434 2490 2057 2509 2539 2523 2529 2581 2046 2029 2501 1991 2550 2525 2641 2519 2651 2579 2578 2480 2577 1994 1974 2058 2145 2589 1971 2267 2015 2175 2524 2153 2012 2001 2046 1994 2618 2609 2258 2537 1999 2594 2646 2619 2014 2021 2190 2554 1965 2447 2001 2042 1993 1997
2011 2045 2186 2568 2546 2572 2068 2559 2213 2497 2035 2568 2113 2527 2565 2435 2509 2219 2244 2649 1984 1952 2093 2603 2627 2649 2542 2552 2474 2029 2486 2466 2458 2610 2540 2517 2532 2207 2126 2175 1999 2143 2476 2584 2531 2550 2552 2479 2211 1981 2568 2551 2688 1976 2058 2516 2025 2171 2627 2648 2559 2540 1974 2582 2588 2570 2498 2622 2625 2436 2110 2552 2600 2072 2516 2186 2001 1952 1879 2592 2247 2049 2269 1916 1943 2581 2542 2611 2583 2217 2032 2604 2667 2687 2567 2602 2635 2123 1967 2577
2573 2481 2544 2607 2035 2609 2138 2531 2520 2610 1998 2530 1994 2562 2485 2707 2581 1986 2107 1970 2514 2147 2579 2554 2709 2642 2076 1974 2031 2484 2457 2460 1986 2613 2499 2469 2506 2611 2490 1918 2518 2488 2021 2517 2483 2653 2539 2118 1989 2589 2066 2596 2561 2566 2045 2496 2606 2150 2093 2000 1955 2022 1981 2629 2242 2566 2527 2102 2031 2023 2027 1991 2577 2013 2063 2008 2007 2479 2071 1955 2157 2560 2044 2507 2631 2576 2052 2596 2528 2050 2135 1999 2597 2496 2495 2129 1997 2049 2162 2547
2171 2005 2218 2603 2076 2013 2686 2130 2664 1979 2501 2098 2211 2081 2159 2663 2408 2643 2559 2518 2569 2545 1900 2508 2236 2143 2632 2001 2460 2518 2666 2075 2590 2560 2028 2538 2149 2194 2146 2514 1963 2526 2036 2584 2099 2221 2179 1989 1986 2634 1983 2573 1975 1937 2493 1956 2607 1944 2615 2516 1991 2216 2499 2027 2057 2033 2588 2458 2021 2029 2204 1982 2147 2629 2006 2588 2567 2498 1968 2644 2016 2583 2544 2143 2551 2609 2038 2172 2534 2568 2534 2021 1962 2060 1930 2109 2510 1964 1942 1971
2634 2027 2137 2047 2591 2609 2017 2043 2592 2016 1991 2620 2639 2162 2594 2717 1966 2561 2005 2628 2602 2497 2197 2225 2566 2008 1965 2030 2547 2465 2493 2566 2076 2586 1973 1976 2049 2476 2663 2503 2223 2632 2409 2037 2514 2132 2007 2545 2653 2681 2555 2041 2057 2581 2527 2483 2577 2200 2518 2598 2666 2651 2610 2642 2024 1970 1903 1926 2153 2471 2587 2184 2606 2610 2581 2661 2650 2505 2501 2021 2551 2008 2016 2503 1945 2653 2149 2557 2189 2543 2158 2087 1980 2023 2481 2617 2401 1933 2543 2510
2126 2019 2501 1967 2581 2618 2638 2544 1973 1980 2003 2194 2466 2605 2610 2633 2565 2580 1937 2553 2612 2524 2567 2542 2594 1975 2528 2638 2566 2011 2145 2635 2610 2061 2489 1983 2583 2572 2034 2568 2574 2584 2393 2027 2492 2587 2567 2140 2572 2128 2009 2023 2029 2002 2110 2621 2646 2151 2025 2582 2565 2491 2122 1888 1992 2526 2659 2508 2162 1934 2185 2035 2049 2056 2167 2563 2525 2139 2571 2535 2213 2555 2583 2625 2572 2423 2537 2533 2603 2625 1938 2553 2053 2564 2518 2620 2008 2162 2631 2025
2068 2503 2645 2186 2531 2529 2517 2532 2565 2650 2485 2640 2603 2558 2517 2509 2008 2551 2604 2045 2198 2647 2693 2203 2614 2577 2523 2640 2168 2246 1967 2554 2645 2215 2018 2587 1968 2002 2617 2129 2572 2533 2477 2646 2001 2558 2581 2603 2647 2516 2006 1994 2551 2127 2050 2006 2230 1942 2564 2130 2076 2583 1976 1948 2627 2118 2606 2523 2603 2499 2761 2576 2522 2507 2024 1995 2665 2155 2658 2195 2154 2052 2109 2225 2587 1962 2559 1991 2183 2199 2567 2518 2086 2135 2147 2522 2487 2165 2598 2582
2452 2582 2125 2542 1984 2066 2534 2160 2524 2068 2007 2213 1918 2535 1971 2541 2436 2662 1988 1957 2627 2521 2503 2586 2596 2441 1928 2037 2425 2158 2045 2600 2578 2570 2494 2166 2041 2016 2012 2037 2226 2164 2538 2641 2658 2136 2564 2478 2577 2657 1975 2604 2113 2544 2081 2661 2612 2546 2138 1974 2598 1968 2034 2147 2546 2046 1965 2562 2166 2012 2026 2558 1941 2047 2573 1980 2588 2120 2556 2090 2476 2513 2219 2673 2613 1875 2674 2511 2209 2035 2011 2556 2574 2561 2501 2567 1983 2454 2247 2552
2003 2027 2496 2039 1995 2581 2604 1994 1987 2007 2536 2501 2201 2222 2428 2565 1984 2425 2132 2036 2580 2049 2598 2523 1964 2004 2614 2642 2523 2498 1999 2570 2534 2532 2154 2528 2647 2637 1928 2022 2191 2550 2517 2595 2530 2184 2497 2566 2023 2126 2580 2128 2049 2514 2021 2554 2573 2619 1986 2607 2560 2041 2215 2661 2562 1920 1992 2515 2479 2173 2630 2635 2049 2520 2542 1916 2112 2533 2608 2620 2676 2556 2024 2135 2630 2541 2511 2559 2238 2216 2616 2570 2206 2003 2659 2543 1982 2188 1957 2153
2002 2578 2045 2634 2027 2462 2561 2006 2184 2575 2562 1946 2615 2179 2005 2161 1972 2589 2533 2492 2652 2482 2624 2559 2163 2453 2586 2020 2016 2532 2044 2576 1943 2656 2514 2629 2461 1994 2512 2589 1975 2539 2548 1995 2042 2597 2249 2557 2612 2502 2577 2156 2046 2050 2678 2545 2679 2553 2024 2038 2614 2526 2637 2017 2138 2502 2578 2577 1984 1947 1963 2535 2542 2567 1959 2516 2663 2598 2536 2620 2601 2642 2629 2543 2523 1974 2621 1989 2162 1983 2162 2692 2584 2070 2567 2076 2030 2036 2495 2577
2613 2152 2633 1894 2134 2010 2532 2004 2547 2561 2561 2055 1996 2222 2071 2153 2116 2465 2682 1940 2497 2551 2544 2530 2119 2549 2036 2527 2580 2032 2630 2511 2061 2626 2153 2154 2020 2541 2572 1952 2524 1998 1981 2027 2023 2004 2560 2474 2577 2427 2561 1984 1955 2188 1976 2600 1964 2019 2062 2471 2569 2555 1927 2725 1960 2093 2465 2526 2522 2135 2568 2592 2502 2633 2028 2211 2752 2713 2498 2027 1971 2524 2619 2544 2165 2160 2212 2486 2632 2578 2699 2629 2242 2556 2026 2509 2024 2059 2060 1973
2012 2620 1978 2052 2622 2518 2104 2697 2033 2600 2018 2413 2563 2150 2653 2621 2503 2126 2631 2000 2551 2587 2571 2559 1910 2549 2013 2009 2547 2012 2529 2526 2014 2239 2015 2019 2562 2164 2512 2502 2571 2143 1933 2564 2517 2572 2741 2542 1932 2017 1968 2567 2615 1961 2154 2063 2681 2543 2623 2552 2523 2597 1988 2047 2149 2564 2216 2552 1981 2609 2605 1996 2130 2617 1996 2510 2514 2207 2214 2027 1997 2564 2511 2538 2004 2464 2617 2546 2620 2553 2569 1968 2552 2205 2564 2495 2532 1998 2030 2563
2555 2204 1936 1976 2607 2554 2576 2663 2524 1991 2607 1970 2578 2210 2136 1999 2110 2542 2496 2489 2654 2563 2481 2613 2172 2506 2205 2229 2553 2079 2528 2032 2635 2615 2523 2146 1956 2136 2595 2587 2198 2628 2225 2504 2564 2558 2540 2171 2087 2141 2188 1983 2573 2630 2511 2514 2551 2591 2002 2634 2140 2601 2532 2593 1982 2022 2547 2063 2088 2607 2476 2107 2605 2559 2175 2036 2548 2708 2466 2006 2588 2048 1989 1951 1971 2212 2522 2577 2543 2533 2087 2219 2534 2661 2005 2577 2514 2050 1985 2630
2638 2556 2628 2437 1927 2650 2534 2548 2599 2572 2574 2560 2458 1951 1931 2662 2175 2661 2535 2606 2011 2593 2490 2539 2532 1949 2563 2591 2557 2519 2476 2622 2170 2555 1983 2146 2031 2678 2592 2083 1980 2573 2662 2003 1964 2457 2609 2625 2657 2591 2522 2607 2025 2109 2605 2650 1954 1986 2287 1978 2005 2625 2476 2500 2470 1974 2533 2558 2515 2180 2649 1960 2570 2000 2058 1992 2671 2469 1967 2027 2018 2599 2184 2514 2025 2025 2035 2187 2498 2159 2144 1981 2554 2011 2093 2629 2571 2635 2223 2637
2570 2003 2122 2731 2543 2181 2035 1977 2121 1989 2642 2556 2500 2152 2603 2159 2577 2497 2567 2275 2609 2526 2530 2564 2498 2545 2183 2140 2535 2522 2562 1992 1963 2620 2540 2068 1998 2535 2487 2597 1955 2521 2519 2628 2581 1941 2557 2646 2574 2583 1982 2629 2683 2080 2534 2144 2558 2444 1942 2507 2225 2539 2617 2628 2501 2639 1977 2563 2094 2041 1980 2575 1971 2638 2458 1981 2037 1982 1957 2573 2542 2560 2519 2574 2469 2707 2062 1990 2055 2223 2577 2497 2130 2008 2481 2003 2530 2041 2587 2039
2628 2578 2594 2592 2473 2095 2597 2251 2472 1968 2543 2595 2592 2125 2045 1940 2202 2499 2584 2007 2089 1958 2517 2498 2577 2143 2474 2085 2022 2008 2164 2021 1979 2004 2465 2524 2510 2126 2033 2530 2029 2569 2109 1956 2176 2037 1983 2653 2698 2098 2666 2048 2052 2644 2421 2558 2537 2548 2589 2603 2005 2627 2490 2540 2573 2612 2430 2585 2533 2173 2626 2592 2578 2205 2627 2544 2007 2525 2598 1990 2091 2528 2063 1916 2579 2049 2649 2507 1979 2481 2466 2548 2565 2549 1994 2201 2587 2533 2013 1938
2056 2150 2169 2623 2033 2577 2014 2516 2596 2108 2262 1988 2059 1940 1947 2216 2604 2010 2584 2118 2527 2741 2553 2177 2188 2644 2011 2107 1984 2039 2518 2268 2712 2693 2016 2630 2419 2698 2592 2252 2646 1978 2147 2557 2584 2016 2145 2493 2684 2014 2645 1973 2415 2641 1996 1924 2604 2019 2024 2613 2519 2449 1994 2148 2531 2104 2617 2512 2448 2533 2592 2509 2176 1974 2203 2602 2018 1971 2671 2473 2062 2591 1917 2482 2121 2596 2023 2528 2670 2580 2559 2203 2548 2557 2073 2602 2643 2214 2565 2585
1995 2678 2683 2489 2546 2670 1994 1999 1985 1966 1995 2588 2494 2575 2620 2194 2111 2014 1990 2591 2616 2454 2633 2536 2200 2062 2071 2231 2255 2118 2185 2571 2557 2144 2192 2187 2540 2576 2605 2092 2610 2693 2499 1984 2522 1999 2545 1995 2130 2006 2034 2514 2583 2062 2583 2026 2013 2261 2546 2624 2633 2541 2620 2583 2522 1961 2014 1958 2595 1979 2623 2174 1944 2075 2522 2537 2163 2134 1989 2462 2608 2540 2584 2196 2618 2656 2694 2017 2580 1996 1996 2149 2404 1961 2519 2576 1978 2505 2019 2635
1972 2514 2593 2607 2541 2534 2561 2569 1942 1990 2438 2566 2551 1930 2512 2127 2578 2553 2553 2555 2620 1938 2060 1927 2063 2013 2476 2083 2689 1992 2524 2022 2200 2188 2560 2126 2247 2629 2712 2158 2477 2589 2637 2519 2568 2442 2626 1935 2500 2612 1992 2502 1973 2567 2451 2493 2433 2606 1978 2013 1949 2223 2519 1971 2597 2186 2629 1932 1946 2002 2228 2204 2148 2646 2547 1902 2551 2122 2579 1867 2567 2591 1949 2530 2543 2567 2127 2046 2552 2594 2109 2480 1991 2604 1958 2171 2448 2172 2547 2508
2609 2138 2032 2612 2629 2090 2483 2600 2044 2487 2518 1952 1976 2124 2439 1997 1978 2128 2580 2212 2547 2592 1975 2556 2211 2023 1986 1982 2228 2454 2536 2515 2022 2516 2513 2509 2526 1976 2138 2039 2656 2425 2537 2198 1980 2036 2566 2536 2625 2656 1931 1927 2006 2546 2179 2447 2232 2167 2167 2057 2552 2069 2003 2526 1951 2140 2174 2524 2440 2437 1993 2592 2576 2633 2533 2613 2222 2460 2165 2186 2513 2008 2536 2457 2459 2492 2578 1959 2540 2038 2595 2205 2129 2550 2111 2097 2181 2678 2637 2621
2124 2163 2653 2565 2608 1945 2486 2155 2245 2685 2489 2589 2557 2040 2308 2136 2568 2586 2644 2076 2030 2576 2533 2519 2133 2009 1994 2518 2584 2529 2571 2562 2023 2536 2743 2032 2549 2543 1948 2182 2564 2030 1932 2131 2566 1955 1977 2545 2080 2255 2030 2568 2479 2243 2561 2029 2611 2629 2568 1987 1978 2574 2007 2582 2154 2018 2642 1984 2563 2639 2597 2154 2043 2540 2524 2017 2655 2022 2724 2013 2550 2013 2447 2002 2575 2085 2559 2596 2468 1930 2014 2512 2592 2584 1974 2031 1960 2505 2600 2636
2471 1971 2649 2560 2202 2192 1987 2015 2257 2026 2622 2091 2188 1979 2523 2031 1979 2612 2024 2511 2640 2047 1991 2618 1984 2568 2581 2562 2642 2609 2545 2151 2496 2067 2533 2540 1982 2722 2185 2516 2564 2589 2541 2610 2547 2079 2059 1998 2536 2005 2561 1997 2011 2151 2543 2651 2029 2520 2014 2595 2571 2503 2196 2004 2576 2134 2586 2648 2032 2045 2550 2519 2620 2415 2622 1995 2441 2636 2519 1956 2010 1942 2521 2674 2740 2167 2557 2612 2638 2538 2149 2480 2506 2522 2531 1971 2482 2200 2233 2547
2521 2021 2104 2574 2569 2668 2597 2594 2132 2683 2575 2560 2456 2517 2453 1982 2547 2640 2221 2199 2508 2577 2578 2175 2014 2480 2080 2116 2595 2033 1997 2019 1975 2483 2520 2595 2737 1993 2534 2489 1963 2548 2195 2630 2618 1929 2612 2561 2595 2460 2015 2178 2154 2006 2067 2494 2649 1952 2248 2508 2502 2539 2014 2601 2607 2485 2499 1982 2177 2081 1994 2590 2030 2554 2541 2042 2582 2538 2549 2558 2560 1956 2531 2127 2041 2019 2164 2481 1930 2607 2654 2216 1897 2010 2574 2052 2182 2063 2589 2623
2033 2016 2575 2049 2540 2601 1990 2576 2551 2005 2042 1992 1950 2535 2621 2018 2573 2601 1969 2579 1987 2628 2170 2167 2592 2520 1963 2133 1976 2497 2473 2514 2547 2632 1950 2504 2581 2201 2530 2632 2554 2163 1987 2046 2175 1996 2513 2557 2492 2577 1955 2098 1996 2147 2021 1930 2003 1996 2524 2531 1957 2024 2485 2121 1992 2034 2199 2603 2544 2423 2616 2035 2075 2559 2114 2029 2020 2620 1980 2265 2697 2687 2519 2619 2691 2147 1971 2005 2131 1964 2493 2133 1985 2655 2230 2587 2002 2108 1987 2012
