1631 1954 56 2903 1896 1943 3066 1946 1569 3051 1907 1971 439 1630 1653 48 1629 55 431 1962 2037 1977 49 3083 1933 1945 1546 1982 50 396 1568 1985 1879 1916 437 58 41 1889 48 1938 1606 55 2985 2991 57 1534 3026 46 1945 2987 1571 1603 3077 1940 1974 1587 58 57 48 1924 49 3038 1565 3029 49 44 1921 1917 54 1573 1626 60 45 61 1964 53 52 2904 55 49 3126 50 1587 1904 1599 1601 42 42 1930 1556 1912 49 1939 439 3081 455 1984 1925 40 49
3022 1961 1951 1974 455 61 2970 1970 59 1964 3053 1891 49 53 1635 55 1986 2965 3017 3074 49 3074 1860 1907 55 48 1582 30 53 3022 1565 1609 2002 55 52 2020 43 48 55 41 1917 1952 2972 1965 2968 45 43 1570 52 1984 2950 47 61 60 1606 2053 50 1637 54 1937 1941 1579 46 1853 1939 1945 3053 3069 3019 53 1974 1882 61 1614 42 2917 47 1924 3019 408 1614 48 53 2984 2952 45 3034 58 1576 1973 63 1951 1618 1938 2981 1983 58 51 1901 2929
3070 3006 1614 45 2999 1957 40 1916 3046 2022 54 54 1900 42 66 1943 1575 45 384 3023 45 1923 377 2944 1969 3077 50 1937 1602 1970 1615 53 2963 1528 44 417 3068 44 1554 51 46 62 3043 1972 2004 48 2989 46 3101 46 2967 51 1914 386 1925 2007 54 3043 1914 1944 3011 55 1907 2001 1977 48 1634 53 1602 59 63 1576 3075 1940 45 1573 48 1539 1880 44 54 58 1600 41 3024 3046 1509 1975 1569 1579 2990 1584 2014 43 399 3046 3000 2934 1930 1652
1950 1585 1910 1942 428 3004 1908 1945 43 1901 54 3034 1941 1552 50 46 62 51 363 55 1972 3003 56 1517 1976 1636 1578 51 1973 1583 42 57 1917 46 42 38 1529 1939 50 2965 55 3051 3022 48 63 3013 2936 1590 1606 430 3035 3002 1546 3079 61 1582 3049 48 1493 3073 51 1850 2973 1994 431 61 55 1590 1567 1840 1916 1919 1651 1854 58 3022 3031 57 1569 1897 3015 1965 1923 1567 60 2031 49 52 1901 50 1900 1887 55 60 1607 1894 1931 1561 1978 2960
36 1932 49 33 68 33 1521 1485 425 47 2956 1625 1587 1976 1862 1933 1973 437 1639 52 1936 53 57 2992 48 2001 38 1994 3067 1620 1995 1943 3133 3049 447 57 47 1958 3038 3054 1999 1936 1962 49 1919 50 66 1609 1938 2939 1927 1896 47 46 3107 2015 1947 50 2940 1956 63 1554 1938 1601 49 1502 1563 32 71 1925 3077 54 52 2042 2007 50 3153 58 46 54 43 1647 3010 47 2006 382 1546 1946 1994 3004 53 51 1495 49 46 1867 60 2968 42 1902
2010 50 41 1916 1601 37 2971 3012 2984 3009 62 1559 56 1533 43 1546 3073 1958 3025 53 2970 1919 3059 1994 1592 1898 40 2010 52 3037 3017 52 2997 1946 1981 50 54 412 56 36 53 1935 2977 57 48 437 3073 1875 1555 1606 52 56 58 1888 3062 1890 3086 1949 1970 1594 1548 3078 1909 48 2982 1948 1519 54 2031 1916 2009 57 44 3024 1917 1975 1890 1975 35 3015 3013 1931 1951 44 1833 1994 1670 1540 2940 53 48 1946 45 2997 1995 1581 448 1886 45 3069
3014 1943 71 48 47 1934 2961 2001 51 51 1526 1967 52 447 48 2011 3099 3040 47 1895 1579 58 1584 1617 2012 1996 51 1971 53 2901 55 1623 57 438 52 53 61 1997 46 48 1846 1582 54 56 45 430 52 2037 1605 52 1873 1632 1835 415 67 47 2957 2971 1617 43 39 1891 46 50 1505 462 58 1887 1627 3042 2954 63 49 60 1534 58 1601 63 55 1561 1634 60 1970 3007 44 3105 60 2993 1940 1960 3116 52 1908 53 1901 1917 1912 1927 2972 36
3102 54 1957 1925 3056 1962 54 61 58 2026 37 2026 1948 3089 1678 3102 1914 1536 53 3058 48 1886 434 3010 53 1957 47 43 1963 2980 1606 1627 1895 1886 3021 1826 3067 45 48 1628 2007 1983 1953 2999 49 48 1532 50 1924 45 1867 50 3159 34 62 52 1884 1849 1958 1531 433 1938 2961 2990 3052 1549 3040 41 1911 2963 47 1925 2956 43 57 1938 45 461 1886 48 2930 3048 444 52 43 54 1894 1620 3035 1536 1906 70 46 1590 57 1913 49 43 3018 1978
52 45 1941 1996 49 43 32 57 55 50 53 1588 1965 2966 413 49 3057 43 1677 3039 53 3061 3024 1600 42 1589 3101 54 3102 46 52 46 1948 3045 3009 1865 1524 1967 2897 1575 2012 56 3077 423 51 47 1637 55 1912 2937 38 1998 3026 1710 51 55 2005 1552 48 1606 54 62 61 1581 2999 3146 1595 1943 3046 2980 55 1864 41 48 1928 1975 40 1989 1574 448 3024 2920 46 1894 1924 1966 417 1945 38 2953 2895 36 1675 1978 3039 46 1531 1945 1601 423
1604 1925 3035 54 1591 1875 43 1958 1995 1969 1942 1558 1579 1560 62 1883 1917 60 2887 1915 57 1919 2933 3032 42 1692 1940 1923 3053 2944 54 1993 3000 56 58 1619 3110 3074 52 42 49 1972 1909 3024 1974 1578 52 1942 1650 1945 1922 51 1965 1889 49 2919 1977 1952 1936 1477 2004 1553 1956 3032 1534 3024 1955 51 54 56 52 1944 52 1803 2967 1803 1902 1556 1953 1570 47 1983 59 2030 1883 51 2036 1936 50 50 1594 1698 50 1543 60 52 1971 2933 1905 1503
51 1933 1664 1508 431 1626 57 2002 1587 60 1918 1963 44 409 51 58 3046 1949 3062 55 57 1952 1961 1670 2953 38 1936 1582 49 1579 1923 2954 51 1935 1961 57 409 47 1536 1923 2983 1612 59 455 3004 1867 50 3069 52 48 50 2990 1946 1978 1584 50 51 46 1966 53 44 1646 76 1921 54 1547 1585 1648 1551 48 3034 44 45 52 1864 1566 57 1808 1967 444 1943 2956 1903 1873 44 55 39 3008 42 3007 1977 41 1604 1905 60 3004 443 43 3016 48
3058 1591 1946 3028 47 48 1648 50 48 1570 55 1572 50 56 2019 1916 48 2995 2926 3059 1973 48 56 1932 2096 1971 1600 1874 49 2885 60 43 1963 1951 1933 2049 47 2978 45 52 42 1957 45 1992 1939 57 2002 1601 2937 1921 1511 2954 56 1930 45 1616 2946 3040 49 38 438 1606 32 1929 1917 53 52 51 1595 53 1953 1591 56 1609 1888 1483 66 1541 61 2959 3062 57 35 46 61 47 46 39 1925 1958 1892 432 50 3089 1873 52 1897 2932 1609 3064
56 1580 2979 1949 1911 41 1908 60 1997 54 1925 2050 58 1925 1963 52 48 1924 435 57 58 37 2918 3026 48 48 50 1996 2931 54 46 57 1905 1540 2998 1889 54 424 2967 2029 1921 3033 56 72 46 45 61 427 2008 2909 1630 1870 3034 3031 47 1587 44 54 54 3063 47 2992 37 1570 1911 53 1559 1536 45 1556 41 1896 63 60 3042 3129 1963 57 43 51 1524 3069 1965 1926 1893 1679 42 1646 47 1897 1959 1574 2934 1567 3046 53 3011 1940 1952 43
56 1947 1564 1616 59 1987 1890 1598 1961 43 1927 1969 49 2042 1926 61 47 45 1998 1922 58 46 427 1602 2925 1509 3093 1611 1966 49 50 1897 1882 2947 3015 1947 1892 1581 1930 49 1988 51 1561 64 1930 55 1547 49 62 49 53 3035 54 51 50 1963 1951 55 54 1942 3048 3070 52 3071 3093 53 51 3051 1918 53 57 408 1582 50 1934 1926 55 1961 1917 1597 1893 1936 1918 1665 1898 52 1619 1955 1908 49 2997 2911 52 2985 1543 426 1975 1516 1934 1853
1575 45 52 1569 1926 46 1839 43 54 2970 57 1986 49 60 48 1949 1972 1560 1958 49 1860 2008 1942 40 1578 3014 45 2014 1932 33 3039 47 40 48 1972 2976 1927 1559 3051 1649 51 445 1621 45 61 1952 2963 2968 422 428 1938 1942 1920 1991 2924 2921 1968 59 57 1987 1583 57 41 57 1892 3061 55 43 51 1967 1822 51 1945 1571 39 55 2999 1977 1944 392 43 1583 48 1884 3049 56 1591 54 1590 1528 387 3032 1928 2022 59 1563 2911 1635 44 1629
50 1858 1907 45 3043 3021 1997 39 49 54 1956 37 1576 446 1929 51 1536 3100 1921 1627 3019 1944 50 1903 1975 2940 56 55 1954 1904 1648 1586 49 42 1934 62 1979 3113 1909 40 1620 1923 52 426 1977 1951 1978 1612 1584 1892 57 3030 1883 55 50 1927 48 1574 1896 2970 57 38 373 1935 56 1932 1493 1534 62 444 3056 1973 55 2894 1892 55 59 57 1879 1999 2941 1936 413 37 47 1940 46 53 1588 56 1899 1584 1895 44 44 57 2995 54 3142 1916
55 2983 47 1888 45 2973 59 1531 54 55 1980 1588 1604 3027 53 1829 46 1515 56 3016 52 53 61 1900 398 52 2021 1643 55 3041 1575 1549 1946 3064 1884 1921 44 1532 1991 49 67 1604 1513 2952 1977 1931 1553 1902 1565 54 3049 3073 1624 435 56 43 52 2011 50 57 1972 38 2939 450 1886 1957 59 1950 50 2016 1600 1607 52 2979 2018 3054 48 60 3043 43 1568 63 1581 2927 2942 3034 471 2988 55 1951 1920 1596 48 1923 53 1897 3010 1649 3006 53
1662 2986 35 52 2914 1934 53 2999 1891 1902 3052 42 1946 2968 1990 3017 2955 1988 2974 47 55 47 2036 3050 37 1570 1903 1568 1593 2010 1861 1998 3008 50 1667 423 32 1895 1983 41 3100 1549 1585 56 1936 1958 1984 3000 3037 1961 1954 48 1953 46 51 57 1922 1906 57 50 407 53 48 1562 434 1985 54 1570 3002 1541 1574 1884 51 3122 49 1635 52 2033 1959 56 2900 1897 1975 50 56 1996 1914 1994 1935 1892 50 1919 37 2978 3030 405 1925 57 1557 2958
3003 3118 55 3066 1964 1578 42 41 1531 37 57 1633 3033 1650 432 1512 1657 48 47 1643 47 57 2941 61 1577 3080 48 1892 418 47 58 3002 57 3103 1931 51 57 40 48 2952 1959 40 1933 1999 434 2980 1894 45 1513 2989 1640 1942 53 3000 47 1994 423 44 44 1637 1577 453 1956 1913 2986 1956 47 1549 1975 424 2912 1951 1935 2018 1919 1973 68 49 53 45 3006 61 47 2999 40 3037 2924 50 61 55 46 1605 1884 1577 458 1965 2958 44 56 1577
57 1997 43 1902 48 49 3047 1608 1962 38 47 42 52 1979 2011 2907 43 54 1920 1545 53 46 42 1922 3024 1967 1605 1973 51 1537 3032 47 47 56 3047 1959 3084 3019 1565 52 59 1587 410 50 1926 2965 1961 55 1529 3052 1872 1954 2993 54 1977 60 1642 1923 34 3027 2987 1610 1567 2987 1886 1940 46 1954 1594 1852 51 49 1951 2019 1967 3058 53 3081 48 1909 52 430 1477 51 1615 1874 1946 1912 1612 3091 2949 1475 1627 1892 1944 1631 1926 1949 3070 435
1933 455 47 43 1991 1606 1929 1597 1538 1887 3036 1599 403 43 1927 61 1943 1651 1583 52 1997 1915 1547 69 48 3016 55 53 46 1547 2990 1596 49 1945 1915 1609 3004 3087 2994 3029 49 1904 2907 49 1983 1599 1871 1932 54 404 48 1598 1950 1951 55 51 56 1899 2914 43 2974 59 51 1523 2064 1668 1919 1883 1560 1960 1917 1592 1974 43 3108 2024 2999 49 57 1948 1551 57 1930 47 44 1948 42 2999 3054 1894 1964 1919 54 47 2942 57 1885 1623 1618 1598
1970 58 1970 1891 2994 61 2957 409 1660 59 52 44 1594 46 50 50 3069 1836 51 46 44 1876 49 3061 1951 415 1590 1573 46 3006 1866 51 1862 1907 1970 3093 1898 57 1934 56 44 1900 1918 447 1604 58 3057 1935 46 51 43 50 1942 1998 52 1962 40 3048 50 1933 1988 40 48 1612 50 1650 1945 53 1612 1869 55 406 1544 55 44 66 2987 1991 468 64 1915 49 1916 38 3036 54 2008 1926 483 1534 44 433 51 3044 1962 1564 1942 1947 45 41
1876 1913 2985 1950 1994 43 1943 3008 1958 1906 3074 3093 1603 42 62 48 2891 50 1990 48 1854 1882 47 57 1963 54 2931 3014 1998 60 2016 2990 1531 416 48 1955 2969 1930 42 1575 51 50 1611 1601 2033 50 46 2010 48 3062 2952 52 1944 51 3046 1921 1659 1580 1967 1983 1904 1991 1574 1600 3027 1594 3024 55 3083 1594 2978 1928 1574 41 49 1947 52 49 51 39 1518 56 1943 1543 52 44 1603 1947 1972 2009 44 2986 1886 1944 53 44 1865 464 451 1900
55 1658 3027 51 3084 42 54 52 2950 1647 47 437 2062 2872 62 1928 1538 1960 64 1587 2981 1970 49 1572 53 2001 3022 54 46 1612 1909 2006 1512 1879 1557 53 1832 1943 49 3016 47 51 1582 54 1649 48 46 43 426 1977 1929 1872 56 2975 53 54 52 1978 55 1962 1946 1588 2990 62 54 49 40 1628 2976 1830 54 48 1609 1955 1916 1658 50 60 1889 439 3056 1937 58 53 1995 48 3139 45 59 60 1928 1595 2975 1904 460 2043 1583 49 3028 2985
1999 1933 1928 437 49 1575 45 50 45 2003 1896 67 403 54 1888 413 1912 1935 1901 1504 1577 52 57 43 53 35 1917 1540 1928 52 2009 2005 405 42 1597 1957 2988 53 3115 2975 38 3058 63 1961 1973 55 443 53 1554 54 3020 63 49 1908 43 46 1888 2970 49 2908 3061 2936 1909 41 42 3003 2998 2007 50 1994 1544 42 1937 1571 1602 1993 50 38 1631 47 1984 52 53 2959 46 44 2001 3031 1555 49 63 45 46 51 48 1570 59 56 60 1940
1868 3027 42 1570 1543 48 3022 1988 1914 1943 1542 58 1568 1546 1964 45 63 44 1976 1603 42 1639 1904 1982 1951 1956 3026 1917 2957 1595 1602 51 42 2011 51 1992 44 47 44 1560 1980 62 1933 39 55 1973 1912 1921 1591 1629 3028 2975 55 1615 49 3033 1904 3072 1974 54 1996 46 33 52 1954 2957 1585 3039 418 1558 47 2993 1555 3015 2012 1897 1878 48 69 1934 1906 3042 51 38 1976 3017 3066 1894 1997 57 1594 3131 1985 1894 1933 3039 53 55 3051 1970
1970 52 3054 3129 1942 1924 1824 1938 59 41 1524 72 35 55 59 3078 400 425 1997 54 1606 1973 50 1983 1561 2997 1581 1593 1955 428 51 1913 2047 1947 3100 52 1926 57 3012 41 48 2898 54 2004 2978 1582 3084 3051 1559 1926 1652 2944 63 43 1976 1880 44 1559 47 1923 3105 1917 3152 43 1987 3018 1944 46 61 53 1965 56 41 50 3080 2001 1909 3072 52 1572 1669 3005 59 49 1581 1894 1981 1536 55 1856 476 63 1920 51 45 51 2973 1984 2980 1614
1891 2915 2884 433 44 1606 3051 1584 1950 52 2918 1997 1953 57 1883 57 1916 1973 1568 1948 1970 3018 40 2944 1945 55 1571 1711 52 1935 47 52 52 46 51 1987 58 2034 1513 1591 2988 42 52 1602 1890 49 45 1896 1647 54 1978 2914 1974 53 1635 38 1913 52 1948 1955 48 1593 1944 1641 1902 1914 41 1644 48 1962 1989 1520 43 53 52 38 49 51 2971 2942 2044 1950 1960 45 2929 56 1544 54 1962 1969 451 40 1878 50 1639 1564 1979 56 1944 1907
52 1989 3015 413 37 54 1544 1985 53 46 3078 3065 56 1949 47 52 3019 42 1616 47 50 1955 3069 2955 55 63 1972 1964 50 1985 1935 1960 1667 1603 1923 52 53 3022 1539 1957 1617 64 1975 3004 1578 1925 1933 44 50 56 1587 1641 1545 1853 1560 2928 1915 48 1526 1935 52 47 3088 52 45 1945 1920 1538 44 1545 47 70 45 2000 2918 1602 3072 1854 3052 3073 59 1912 1609 1572 1979 51 1935 1874 1577 1628 55 1948 1969 48 1574 42 44 446 1941 1879
46 2980 41 1889 56 2980 51 2997 62 54 49 1851 1996 1994 1638 1915 1944 55 1537 1580 427 2989 1944 1622 1952 2968 1961 41 1899 3024 1913 1960 47 1939 1923 52 1997 1940 1546 43 1974 1954 1585 3069 1926 1583 418 2015 3028 36 1581 41 41 1999 47 1562 1916 62 41 45 2993 66 2933 40 45 36 1575 44 1926 46 1554 61 1571 1940 2940 1594 1970 40 1929 49 1937 54 1552 3077 399 1602 1934 1874 1581 1863 78 45 3118 1516 57 49 62 1952 52 1883
1576 1933 54 2974 1975 1909 1651 3098 3074 57 1616 1931 431 2922 1995 1911 1929 49 1661 1530 58 60 54 55 1923 45 56 52 1597 1859 1988 2004 1897 1550 1611 1954 3027 2019 2961 44 1603 1962 51 411 52 46 50 3076 1903 1975 1577 51 1993 1654 57 1854 44 1814 457 3015 1906 42 1946 48 45 446 3077 2993 1880 1568 398 3119 1585 3034 1947 60 37 48 66 1920 1502 1926 3022 53 52 50 1616 1970 54 61 400 55 53 1917 1930 57 1521 54 39 61
52 1953 3015 3034 1856 58 1985 1903 43 3033 51 45 1599 1959 47 1961 1502 46 1956 61 60 1929 47 49 1568 1898 3006 40 2025 58 1917 41 1565 46 1950 52 54 1943 41 46 3006 1577 1916 3052 1890 1953 3044 409 52 72 1671 46 3061 1920 47 55 1571 43 2025 1915 1954 3035 59 54 47 2988 1913 1901 1960 1936 47 1523 50 1597 53 1942 1918 434 56 43 41 1898 1520 2920 2966 2017 447 57 3017 1620 3115 427 1905 1928 1874 1928 44 1590 3053 45
1868 1599 1994 45 1950 45 3005 1885 1886 480 50 1925 3034 47 46 52 2994 54 42 43 51 59 3021 1977 48 54 58 54 1961 40 2974 1922 60 52 2022 54 64 1966 35 55 1564 3003 58 34 1878 2880 423 1918 3054 1973 1876 59 1568 2993 1979 1933 1585 1872 59 1858 2946 60 3027 1570 68 1912 55 1666 1908 56 2958 39 2022 2078 58 40 67 1968 48 2055 3007 1962 44 1973 1590 2026 56 2036 49 1896 1569 43 1937 1489 1925 44 1490 1614 51 1622
43 44 2934 40 1934 1899 415 48 3042 1603 1519 2046 56 49 1968 3122 1536 1887 2008 1957 1551 1921 1907 1942 45 1961 1901 1545 49 44 1969 1954 458 2995 1982 2983 418 39 52 1919 2013 1996 1531 3092 3058 1968 2022 1640 3028 1897 1631 1929 1590 2954 1928 1950 1594 1960 1963 53 3082 46 2958 3001 61 1624 1956 50 1980 1940 1974 436 439 3082 60 46 54 51 1545 50 1947 60 52 432 1917 3005 1889 1988 52 3052 1955 59 1665 3100 50 59 3008 32 58 63
1545 1589 43 1910 439 3121 1973 54 52 1651 2927 2985 48 47 1569 42 45 2954 419 1587 1562 48 48 49 2000 1942 38 3054 1902 1975 39 1942 44 40 1903 64 59 2994 56 1960 65 1852 51 3049 2007 56 45 2992 1571 1937 1924 1939 45 1918 2924 1544 413 1537 421 3111 416 2940 3022 40 1595 2925 56 52 2958 56 1966 1612 430 1569 50 1836 424 1649 1608 55 55 470 419 1931 1518 2977 1592 1972 1888 2004 57 3165 1885 51 55 2977 46 1572 57 52
1998 54 49 2944 3010 1593 55 1989 2939 55 1929 2025 2956 55 1913 2003 1874 1620 50 411 51 1866 50 2968 43 51 1884 1598 437 1939 2940 2010 49 47 1636 1865 44 3000 2930 1909 413 1968 1675 3039 1584 55 413 3060 79 57 1541 1915 50 42 63 1927 62 1975 68 2990 3028 51 1992 3050 51 2986 1635 1880 51 52 437 1536 40 2956 52 1975 56 1634 61 43 1904 55 2969 1514 3002 2937 50 59 1914 2940 1625 40 1960 1888 1919 1931 43 2968 2916 53
39 50 1979 47 52 1509 2004 68 1623 51 1946 42 47 50 464 57 52 1710 2964 1935 1891 1953 1938 1889 52 1882 1919 431 1928 1973 1952 1595 1538 2944 459 41 1616 1876 47 1990 413 54 1934 1569 50 2939 1939 1934 1501 56 3084 2011 1903 57 2946 1593 63 1925 1898 2025 53 1603 52 2006 2993 1939 2012 2994 1623 60 1622 1982 54 1897 1839 61 1956 54 58 1593 61 1921 56 1594 3015 1578 51 1849 1953 1993 45 3038 2950 1922 1948 1917 53 1969 3040 50
414 1941 1911 58 3052 47 1544 1957 2917 3109 2021 49 1644 1602 1995 46 1969 1547 46 3058 1921 1905 52 1580 1569 1938 1979 2043 56 34 1531 3037 49 1904 1626 1909 1634 3007 2008 1981 42 1627 1971 1994 52 50 52 1613 3002 1968 50 46 49 1965 1902 1940 56 3084 3049 35 1587 52 56 49 3101 1935 1923 1924 1580 2915 54 1931 1965 1623 53 1952 1913 1978 2003 55 1602 51 1579 50 61 42 424 2977 49 1934 70 3026 1572 1951 39 44 2884 47 58 3011
47 1911 1988 3038 2009 52 45 402 1906 3071 1631 47 60 1980 1600 53 1925 1616 1573 44 1655 1614 1986 1940 420 57 1612 48 1969 1648 46 50 1936 50 1993 1927 3104 50 1629 1552 56 1980 53 1896 1963 1948 2032 1914 3001 1920 44 2913 48 2989 1641 1654 42 1955 3018 46 1924 1491 423 59 1613 1897 3146 45 1922 47 3035 53 3033 1981 1989 2973 56 1993 1895 1880 49 3106 1857 41 39 52 45 49 42 60 2975 1903 3020 41 50 434 1562 1950 1547 44
1912 470 1958 1979 1883 55 1964 39 1605 3004 2974 2944 1528 1946 56 54 3001 52 3026 51 1992 63 400 1616 3066 3082 1968 1973 2974 1904 42 60 52 433 3044 1930 52 54 1860 1588 34 54 1937 48 1964 1894 49 1532 48 1916 3031 2970 65 3064 1646 50 397 1650 3035 1962 2988 1893 57 1964 3016 1854 51 1904 61 1896 3002 430 47 55 51 3071 2982 2007 1591 48 44 33 56 52 1529 1907 55 1590 1592 1942 1875 48 1550 44 57 3088 457 1615 43 50
3015 1669 1674 53 49 61 1959 1613 1845 49 44 411 50 1568 1611 59 2882 49 1566 59 54 1588 1889 53 1915 42 57 1592 3012 55 1918 54 1953 1601 47 47 2004 1629 1924 441 1989 30 1629 426 57 49 43 1515 53 1960 1928 2966 1940 3022 1891 1938 1576 2019 38 1958 2018 51 1894 3072 1888 52 46 1601 2036 1928 44 50 1599 1966 1958 48 2992 47 1928 55 1949 1545 1556 1894 3042 425 1678 58 1969 1906 49 52 1947 3026 3076 1959 1532 30 429 42
45 1556 1992 1548 46 53 1902 56 2969 62 2024 55 1556 2981 49 37 1648 2001 1981 58 52 51 1948 56 57 1575 3022 48 2966 1889 1562 1949 57 46 1958 51 1461 1963 3036 2031 1972 52 1903 3027 2947 40 1932 3035 3010 55 53 51 1946 435 65 2960 3025 1614 49 53 1596 64 2004 44 56 34 1937 1974 1958 2931 1960 3069 1866 1614 57 1976 3035 53 37 454 1556 1957 2986 2010 2909 1642 38 1932 62 3048 3023 52 2992 1914 433 1923 1913 451 46 53
1987 1629 59 2016 58 1945 51 52 47 433 1564 1931 41 52 45 3083 1993 43 52 1579 2003 3000 1573 1609 61 1510 49 2923 1878 55 1908 3018 41 61 1960 1585 2964 1521 2978 1925 3006 1903 3044 56 3066 1956 2928 42 1934 1949 3079 1595 1965 2937 3009 59 425 1891 2991 1962 39 1952 2982 1971 54 1946 58 59 1669 1594 45 1958 3009 1972 1971 1947 1961 1938 1895 67 1628 44 3004 1592 1574 1596 2996 1995 1911 1963 2973 1936 1956 1914 1952 1983 1619 46 1515 3054
1944 3122 55 50 47 1664 1918 1547 2972 1983 3063 455 2022 2906 3022 1578 3145 56 1910 45 1975 1925 1619 2004 2946 1977 1960 2040 1581 2915 58 1634 49 1949 52 1601 1563 44 1917 2981 1982 40 3065 46 53 1960 389 54 487 45 3158 1604 1978 35 1580 2002 3022 1907 1936 57 47 3026 40 1930 50 1929 3099 1598 1968 52 1987 414 51 57 1888 394 46 1927 1938 1532 1918 404 1936 3007 58 2983 48 62 1591 3050 1969 51 1885 60 45 3040 60 47 2943 40
54 51 447 424 45 57 1629 55 1916 1923 52 1997 43 43 3066 60 1959 50 62 53 45 3047 1889 1570 1652 46 59 2014 56 1614 1586 1915 57 3004 51 44 452 2982 54 1964 52 65 1550 55 1866 1956 1579 46 2941 1847 2065 1656 3054 410 1989 49 1894 48 1922 1563 56 1984 2940 41 62 45 49 1618 3053 2997 1915 1920 1940 47 52 2990 51 1914 1917 56 43 1648 2022 1937 51 1927 1556 44 50 1601 1955 45 3041 1924 51 1577 46 1985 1625 2999
56 1961 2958 1557 3038 53 62 3034 1948 1997 1960 49 1928 1911 45 36 35 3072 1564 1541 1646 3006 1639 1932 1927 45 1882 3042 1606 49 1679 2016 1586 1850 1931 1612 60 1988 51 3013 1630 47 1936 1933 432 1565 1620 61 45 3002 1940 1577 63 1992 42 56 3007 50 2894 3106 59 1624 2999 57 3048 1902 1924 1969 45 1993 44 1583 48 62 59 58 52 41 39 1918 1985 53 452 51 45 61 45 3060 56 56 1905 46 1941 39 1985 1922 1991 3057 54 1704
52 425 48 2979 49 43 51 1938 1934 1606 414 2917 51 43 3046 46 1920 1628 1925 1545 1932 2980 49 1952 47 1923 44 1904 1890 44 48 48 430 1894 1987 1574 1926 49 47 47 1956 55 1952 50 2992 3011 41 1944 1585 1959 2009 3025 1565 50 62 68 1884 1914 3027 1983 1594 3045 49 1928 56 444 1982 53 3007 1621 59 424 1918 1927 1920 52 1875 61 1920 3085 1595 1920 41 429 1924 1619 1973 1568 1625 1942 1865 1625 1602 1898 52 1927 1499 1855 1924 3021
64 402 1566 2972 41 435 51 62 2014 1917 1932 1910 1994 48 58 49 54 1963 1899 1525 1954 61 1977 57 1896 3021 1588 1938 66 1937 1957 46 1592 50 1613 1943 3047 1501 1879 1873 1970 1995 62 48 38 2951 3064 53 1577 59 424 1568 2011 1551 48 1924 1500 1600 406 1624 1898 48 3000 2945 2000 39 2001 43 1975 431 1617 1948 1594 1940 1915 49 59 44 1919 49 1882 47 1925 1944 61 40 2868 1881 1884 59 53 56 3053 3103 2958 51 1609 1976 53 1848
3049 1954 49 1616 1942 1686 1924 3076 1956 1560 47 1945 51 1976 1970 54 1544 2989 65 1979 1974 431 1985 1851 1930 58 46 49 1599 1981 1964 1937 1593 49 1528 59 53 1947 1520 1610 44 42 55 1962 1948 1600 52 3028 2984 3063 47 2967 54 1618 54 1604 1913 1996 2011 1889 50 2016 51 42 41 1971 1583 43 1902 1900 3064 1845 1984 54 2930 2965 3028 1921 1655 1990 2972 48 3025 1589 1861 2906 2013 1591 50 2056 2921 2928 1960 411 3048 1936 44 1865 1985 51
54 1974 1609 1890 1950 441 2002 2954 2061 3063 51 55 1635 411 39 48 1543 456 1560 1939 1974 1893 1952 1513 68 42 57 51 3012 1923 48 1956 1927 56 1924 1967 47 44 67 1920 1594 41 1523 1598 66 2998 407 1914 68 1929 56 1953 49 1974 1990 1571 3080 52 52 48 3086 2032 1941 1911 1974 1982 3009 54 2037 435 2998 45 41 51 1948 40 1863 1965 46 1950 51 1928 3033 2896 1928 43 3017 1696 3037 1964 2987 3000 3054 1881 1939 47 1935 2048 3032 51
1985 40 3108 1972 46 1617 65 405 2999 1993 1895 1621 60 1926 39 1591 2967 2999 1969 1933 1884 59 1626 1861 53 48 2938 1914 2001 1576 1926 53 47 1607 51 1635 2996 2859 2019 46 1607 2946 1890 47 50 48 1967 47 3074 53 46 39 1813 1817 2972 3006 1885 3151 1933 50 3042 48 51 51 1988 63 1890 2015 50 3039 452 38 36 3007 3087 40 49 1870 47 1902 1917 65 53 3015 58 1976 2960 1546 2998 3147 1977 54 60 39 48 43 60 1994 47 42
50 1919 40 55 45 1599 49 1562 1995 57 45 49 52 1881 1971 37 1902 52 1521 1868 1622 1974 2004 54 53 1564 1532 1605 1992 39 1930 1863 56 1841 1866 1890 51 442 397 3000 1954 56 1557 54 1963 38 1979 427 64 412 1568 59 54 1528 45 1550 1920 2975 3041 393 1843 2985 36 3025 2992 1914 404 42 1559 1644 42 1576 53 1906 62 3031 435 1967 54 38 1976 45 1998 1957 1582 44 1899 40 1587 1933 2995 2039 3031 45 1556 399 1614 2921 1588 1605
2943 2996 1925 47 1906 43 47 1983 49 1884 64 3056 3015 1988 66 58 3006 60 52 2921 40 2033 442 45 54 431 46 58 1939 53 1873 2973 52 1933 54 1567 53 3032 1916 51 1944 1598 1961 1998 1879 1875 48 69 1613 50 61 1866 3010 3062 1923 1885 49 2939 54 1938 51 60 58 61 1942 45 2935 48 2998 1962 52 3068 45 46 1567 57 47 48 2010 1890 3033 46 47 3023 1606 43 1937 45 42 3050 44 1643 1568 1641 1927 1983 49 3018 1612 50
1933 1644 2976 2978 47 1598 2952 1907 53 47 1585 1988 3035 71 2972 1551 1951 52 2909 1969 1996 55 1909 54 3019 54 3001 3065 43 60 38 44 443 1963 52 45 1913 53 66 2999 46 49 1983 45 1957 1912 49 1838 1943 51 1918 2927 1926 1954 1971 2979 1874 1975 2006 55 50 53 1911 1965 3042 1602 1961 40 40 59 49 55 1877 1867 2967 55 55 51 471 55 1937 1876 53 2002 1953 2014 58 1570 1861 1907 49 43 1578 56 1564 50 42 61 1937 1995
1985 2946 50 43 51 44 2003 3050 1944 42 3065 44 51 1847 1919 44 60 45 53 50 1982 3002 432 1630 1972 2936 1661 48 2969 1554 57 53 56 1955 57 3143 53 51 1857 2981 1981 3010 461 3002 2819 1975 53 49 1585 51 2034 53 1896 41 56 56 1921 1546 1578 3081 2005 44 45 1972 1641 41 1960 1548 1936 64 3028 3004 1959 48 47 46 1892 434 59 1919 44 1923 38 1931 1986 2998 1938 49 1991 1936 1606 46 47 47 38 1978 1871 55 1915 1876
56 57 1954 1880 56 49 2002 58 2995 472 2983 1966 52 1965 1658 44 2943 1957 1931 1919 1584 39 38 3003 1960 3077 1565 3018 1637 1967 2968 1623 1987 1889 1931 424 56 1909 1955 424 48 1933 1928 1882 2989 42 45 45 3073 1530 53 1914 1646 1571 45 53 431 1949 1544 3038 3049 1615 1592 2917 40 1991 1603 426 56 45 1571 1624 1571 51 3057 1994 1904 41 46 56 1872 1576 1590 3011 52 57 48 3018 52 1524 56 45 3042 1925 3011 46 51 1643 1654 64
1625 51 1676 1918 2006 56 2939 1578 52 1900 1597 2978 3057 3040 1899 2958 60 54 2984 43 1987 50 2010 1670 55 1935 50 58 61 47 1940 3082 50 1974 54 2954 48 1909 1545 429 1957 1965 1574 52 1592 1605 51 1546 435 1904 1626 1591 1941 37 1892 3046 1619 49 1571 60 1881 3016 1927 60 49 1493 1951 2867 34 1907 41 66 50 2965 2991 2025 1885 2923 58 3019 1558 1985 50 1942 50 1873 1921 1851 60 3081 3071 63 43 1952 57 1908 43 54 1880 1917
52 54 41 47 3024 43 1679 53 2013 1595 55 1898 49 1660 61 45 49 1506 1616 49 47 1632 49 47 47 1581 2001 54 2971 410 41 2965 3069 49 42 53 1856 2975 56 72 1597 1915 1912 430 1583 3001 1547 1993 2020 1919 1594 57 56 1976 56 1577 1975 2028 55 1954 439 56 51 1661 49 1576 2962 1516 1586 47 1889 41 3022 1544 2029 62 1924 52 1923 1914 1591 1994 51 44 46 440 1926 1618 1594 1907 2971 1595 1566 1880 1533 1938 42 50 1585 3086
54 53 1619 67 51 49 1523 1987 52 1933 2908 1903 62 55 1589 1662 1944 1564 41 65 55 54 1951 1551 1879 55 1625 2946 3027 2001 2929 1626 1850 1944 3008 1564 1932 1953 1594 1956 52 2982 419 1610 1626 468 1585 43 2993 1972 2819 2956 2960 1608 1915 3065 3017 47 57 2952 1963 59 1932 441 1917 3040 46 1939 3064 1922 1961 52 1612 2027 1516 1979 3015 1564 1960 3058 42 1879 60 43 1923 3032 46 1621 1547 1897 55 1553 50 2998 1626 1904 1938 50 1602 1581
2966 3023 2982 3078 1929 1889 56 49 1540 53 1597 50 1986 1544 43 1908 1933 40 56 3045 1973 3035 3018 1582 1945 1595 1579 1930 1937 362 2073 53 1561 1966 3025 58 2998 57 1885 52 1975 49 1616 3088 45 1603 1619 1534 1931 1976 3008 396 49 1615 46 416 1966 56 43 47 1946 1603 66 55 1906 3007 54 66 45 3046 56 1963 1903 62 52 1599 3123 1882 46 1564 59 49 2980 1952 1903 3024 1947 52 61 42 1594 1895 48 1573 1599 1622 1576 48 1680 1945
1885 1587 2979 2934 44 2926 1952 52 48 1938 1936 58 418 428 467 1563 1920 1994 56 59 1885 2951 1968 1895 39 1617 46 2894 43 1930 44 65 3018 49 60 1604 45 1575 49 46 1902 480 1567 1876 1639 2944 54 2010 1939 1950 56 404 1894 39 1600 1907 2886 3052 2022 1915 1519 1533 3125 44 3048 1906 3035 1573 3067 42 51 2958 1569 3042 1567 2041 1594 43 1962 57 1560 1997 1903 3015 433 1901 56 1538 1980 46 56 2014 59 1539 1625 1906 1952 1994 49 68
3083 59 40 450 38 1991 52 1906 3051 56 1593 1528 45 49 1929 1648 3031 47 2986 1980 1603 426 1630 1986 1589 1593 1596 59 3012 438 32 1853 1610 3069 1996 42 2948 41 2992 1534 3011 49 2960 1589 399 56 1591 54 1890 47 46 56 1924 54 390 1987 63 2979 1967 1537 46 1605 1622 1616 1579 1878 1918 1941 2045 52 1933 2978 1585 2924 2950 48 57 2969 54 3041 59 3029 55 1543 1946 45 1949 57 1555 48 3081 36 1538 38 47 1943 3006 1570 1951 67
1958 1579 42 57 1934 1612 2988 54 57 47 1511 3032 49 399 1882 1648 1602 49 1973 2979 54 1601 1879 47 1942 1963 51 58 2926 1944 54 1993 1946 1514 1557 3015 2939 1965 53 1897 55 60 3148 46 2940 49 62 1834 1951 55 1982 1950 2959 3003 1941 1549 2987 1888 42 46 2964 1893 59 1937 1971 1639 42 1875 40 1911 44 1570 1895 1988 1898 3058 1963 48 50 57 1960 1942 1925 2957 1923 2033 1576 1912 53 1576 1548 2930 2963 2900 2011 50 52 57 50 53
52 2995 434 61 1640 46 1819 53 1923 65 1988 56 2011 55 3049 66 42 1951 3058 47 1974 1926 1572 50 1703 430 2887 1586 3021 50 48 1977 1945 1945 2006 3015 53 1536 2900 52 463 1552 1947 1951 51 43 47 34 1944 1953 1906 51 1900 64 424 50 1942 3145 65 1897 1594 3037 2015 2941 3099 1838 42 3083 1593 1896 3074 1902 1535 60 46 56 3018 1597 1944 1921 50 2909 1978 1564 1568 1887 1865 1570 39 61 51 56 54 1487 1988 1616 3010 1928 1906 45
2992 1968 1539 1975 455 1894 1949 1950 2957 1922 1949 1547 44 55 1877 50 1958 1647 46 52 1980 1938 2999 1567 1853 1545 3053 1931 418 3018 46 1962 1968 1861 1939 45 48 54 43 2948 1627 50 54 1630 3070 41 1588 1974 1948 1855 60 51 430 2053 1881 1582 1639 1573 49 3001 1559 47 1901 34 1981 61 1605 1587 3014 1512 52 40 3081 2921 1976 1946 62 1936 3058 49 1952 47 1937 61 47 40 56 52 1571 48 1590 1544 1616 1941 1629 1888 43 1935 1897 1933
3003 2927 1927 1641 3018 55 1966 58 2964 53 2007 47 44 49 48 46 52 3070 1531 1651 1915 45 2988 1997 1912 402 53 3021 57 1588 47 61 3112 2954 1938 1925 1568 1941 40 444 46 1925 2904 52 42 58 1958 1922 44 1948 41 43 397 2968 1935 1587 1515 3038 1855 45 1599 44 1893 1582 1887 1960 48 55 39 2977 2961 2906 55 3025 51 1871 1945 1916 42 1604 1910 47 3047 455 1603 448 55 1980 49 1911 1639 1604 1570 3074 445 2942 49 63 1571 3003
44 1982 50 54 1973 3045 1983 2981 1861 439 1973 52 2935 42 1593 1904 2956 45 3056 1587 56 2979 1588 2968 1878 48 2026 49 1986 54 46 1914 2017 1613 48 1584 56 2944 48 60 1920 49 55 1580 51 57 53 3043 2003 51 1567 56 1951 1576 48 1910 1992 1891 51 44 3033 1961 2012 50 3007 433 1869 3029 39 53 2000 2994 1970 1985 1942 1926 46 1607 1575 64 2082 2984 1895 3064 43 3006 1934 1991 44 1925 443 410 57 51 1573 50 56 55 2970 2986
3037 52 53 1963 48 63 1626 463 45 40 44 1641 39 41 1643 1934 28 45 1517 1974 42 1921 1915 59 44 2982 1953 1955 2000 51 52 1667 49 1540 1545 54 51 1912 2998 1836 58 3090 1985 1580 1946 1520 3152 1990 1973 1901 41 1611 38 1937 1585 2936 1890 1988 2995 1588 1585 49 2034 1917 58 1931 1962 61 47 2976 2917 1615 1621 1901 39 3046 1994 1933 2954 1940 1838 1946 47 32 59 1695 1850 1989 2002 2964 2915 2960 40 54 1610 45 1913 1610 51 1541
43 34 1916 52 1623 41 47 411 48 1977 1540 44 51 48 1524 3105 1681 1891 58 64 1520 1635 1891 1980 1990 57 1923 3075 1539 3056 1627 2054 1969 1971 1920 55 2963 1926 58 2976 1984 44 3001 2915 1894 50 1566 45 1977 43 3045 2066 3079 2951 1948 57 42 48 51 1962 62 1655 1981 1990 1535 52 1877 52 52 3007 3042 1555 1967 2974 397 425 58 44 426 1930 1653 434 3073 1916 50 1944 2965 3065 49 1897 1583 66 1651 1610 52 40 35 3031 3052 3028
1682 62 1977 42 42 42 404 1865 3009 40 59 3062 1980 2978 1835 45 1932 42 44 2968 62 1610 41 2024 2922 1935 1946 3004 47 56 1628 1993 1891 1895 46 1936 1942 1967 1956 1917 3067 399 47 1577 3004 2977 3002 1835 1905 3037 51 1990 1629 2966 51 1611 57 1928 1880 2029 1887 45 51 57 48 55 1637 42 3070 1990 54 44 3101 3068 1972 1482 1891 1988 1923 1921 44 1525 54 39 54 1989 48 1960 1914 1982 1986 47 2943 3088 1950 3178 2974 51 49 2011
42 1687 50 65 1949 1919 58 51 1583 64 52 43 46 2992 2982 53 51 2987 1935 61 50 2935 1861 1902 39 1979 65 56 1603 1984 1998 452 1910 35 59 410 3075 49 35 1883 2979 1530 1985 1615 1629 62 1896 51 2954 1991 46 1940 51 3055 3006 42 58 48 57 39 57 1957 1584 1542 55 1584 57 1916 44 53 71 49 45 44 2020 2992 3042 57 2949 1942 62 1925 48 55 56 52 1609 1645 51 1867 3022 1974 48 1595 45 3081 1631 1920 1569 1991
1540 46 1554 57 1930 1992 45 414 1936 46 36 3150 1952 1915 2025 49 48 45 3000 53 1912 1616 1897 2988 1968 50 474 2021 1909 3044 1903 452 3083 59 1911 2000 1592 45 61 3197 1944 1952 1912 51 52 1945 38 45 48 2920 75 57 3028 54 59 1993 54 3012 1568 1645 3043 1916 42 1977 1981 59 51 2997 1496 53 56 1869 46 50 1577 3009 1571 2012 1950 49 2015 43 1576 1914 1905 1820 2933 46 54 49 1935 421 3094 1948 1948 1950 44 1542 43 1604
402 54 46 1630 2972 1892 1940 54 2967 1903 3013 53 3062 2985 1589 2993 1536 43 1971 47 43 1875 1601 2968 43 1669 1918 1927 2948 44 1934 1628 2922 51 50 3013 52 1948 1975 48 67 1525 3018 1983 1997 1607 52 1958 51 1852 1908 1602 2886 2993 1575 51 2984 1595 435 3057 2957 42 51 1903 2987 46 3072 1522 1902 458 1956 1627 46 1535 2019 38 2963 3052 1579 42 1994 47 44 60 1971 1909 1903 1919 52 43 3053 1961 1531 1563 46 69 1966 1662 1986 53
48 1945 3079 1974 59 1612 431 1844 61 464 49 2987 3110 1570 1616 37 1561 51 1608 1913 1593 1912 3071 1968 1979 1578 59 39 48 3080 2987 1583 46 1606 1971 1903 2015 56 1911 53 54 1487 431 62 3013 64 395 1932 48 1943 63 58 39 48 56 61 1908 1555 1951 44 3002 1560 462 427 44 3127 56 48 1549 1892 1857 60 58 1550 3016 1642 1981 1682 1559 46 1886 3008 47 47 3028 2997 1933 56 1930 443 2982 53 73 55 1962 1574 55 1541 48 55
43 1888 1553 1976 1643 56 59 54 1585 1606 60 3021 53 1610 1952 43 1971 1607 45 3023 70 465 1567 1533 43 53 3011 1978 47 1581 1898 1518 39 1597 1970 1525 1627 2964 58 1996 1881 1625 1899 1905 2965 56 2084 53 38 44 1636 47 2015 1600 46 1635 1945 1607 1535 1656 46 1975 1592 2003 3077 57 1867 1912 1627 1964 1589 3098 1971 51 1472 1839 3087 3040 1877 2015 1900 59 1938 416 446 2006 58 50 1863 1548 1601 3009 51 56 2943 427 53 3019 1920 3089
1537 48 2967 1913 2969 1616 1859 1883 3035 49 60 1999 1940 51 56 52 55 49 3005 50 1581 1555 406 64 2930 3028 2908 1935 49 1882 1957 1926 50 1572 2977 2966 1985 2992 1921 60 2001 1541 49 1988 2936 1901 55 1552 64 2966 1972 45 46 3067 3024 1957 44 54 46 438 2972 2021 53 2010 1912 1585 55 62 1922 52 52 1554 2019 2924 1932 49 1586 1912 1574 2949 3012 1913 1956 2980 443 41 1612 47 2003 48 57 2859 1569 2953 3042 3020 1973 426 1998 3016
53 3081 53 2966 2971 1894 1980 449 1967 1860 407 1643 445 56 56 1990 1999 3079 1622 3195 3032 35 40 57 46 55 2954 1957 1947 1687 3064 61 62 1901 1941 2959 1938 1531 1954 49 1912 3014 1559 3030 1578 3106 1576 1535 1880 56 39 1617 41 42 1933 1962 47 1903 29 1538 39 36 447 40 1630 1590 42 1968 1930 1966 3035 1637 1925 3047 1973 2952 53 2979 1993 2012 1903 2034 42 1526 2993 48 1966 40 466 41 1999 1877 3078 1605 1940 1662 1937 1901 1880 1902
1854 1927 2971 37 1633 50 1941 51 3017 1572 1957 38 3101 1636 49 1662 40 2982 2924 63 2017 1952 1932 47 49 44 1554 61 1600 1920 63 1643 48 53 436 49 46 2985 2946 2951 2009 2965 43 53 1596 42 1633 1601 2973 1939 33 1590 47 1986 1914 1569 1894 3006 55 50 55 1591 1913 56 1560 60 1588 44 48 1466 3082 47 39 1896 45 3039 1924 1917 1982 51 3047 1947 3013 1838 1928 54 46 65 41 2974 1890 49 58 43 39 1569 55 3011 1862 54
52 1577 39 46 1913 51 2973 1557 52 63 1845 42 1926 45 48 442 49 1982 1995 1915 70 3026 46 1595 455 58 1880 1990 1919 1671 1580 1645 1860 421 1549 38 47 43 1558 1933 48 49 1976 43 53 62 1589 3024 1916 49 1965 49 55 59 1981 1515 53 2941 2973 1929 1888 1946 1972 40 3020 1585 60 1879 1980 1982 1943 1926 71 1963 1895 1862 1872 49 1915 1952 3035 54 1982 1611 54 45 1920 50 45 1923 3006 1924 1558 1566 55 3081 1881 1951 2970 51
2980 1928 2993 46 1943 2042 428 3094 63 1947 54 1928 3131 1913 3141 41 1634 47 49 48 56 1571 1942 1595 3008 3028 44 1945 1593 45 430 1975 41 46 1961 59 3011 3048 2985 1576 1877 1576 1889 54 1986 3057 2981 1977 1985 63 1893 1508 1987 2023 1631 1976 1610 1971 431 56 1901 2953 1580 1927 1908 1991 57 57 1911 1947 3046 1922 3020 43 1930 36 53 1502 2022 51 1986 1604 56 3011 41 49 1910 3020 52 44 1646 1876 1946 3014 1929 1919 47 1982 1953 1963
41 1938 3039 1893 1588 50 1993 1928 43 1989 1937 53 47 3059 55 405 1957 52 1969 46 46 52 3125 2967 57 1936 1904 1890 41 50 60 1587 1927 59 1938 1925 1916 1537 58 1559 2975 51 54 1927 57 3020 1922 1645 34 419 1500 1972 1844 1604 1532 41 52 2985 1550 29 52 54 51 49 1943 1927 1868 1892 3067 1629 50 2915 381 46 49 57 55 1621 57 1929 1575 1986 1989 48 2016 56 3079 61 2985 54 2983 1873 1899 1923 1603 40 1614 1884 59 1629
1940 1963 44 1909 44 50 55 52 1979 1990 1831 3015 47 1533 48 429 1662 40 1928 50 431 53 59 51 41 2026 51 52 52 1965 3044 51 59 2992 1640 1832 54 51 1936 57 50 48 1615 1940 52 45 51 3004 50 3012 2000 1980 1899 1944 1977 436 45 3008 1974 44 1619 1522 3023 1921 1994 56 1503 42 3022 2004 3022 1940 1929 1922 3020 56 47 2984 49 1658 3055 51 46 47 39 1627 43 1600 1608 47 1911 59 1977 1518 53 56 1974 2983 56 1916
1991 54 58 2957 64 38 49 1528 38 60 1569 59 1594 1615 49 1571 1994 49 44 1999 3086 50 429 3019 65 63 1560 56 3125 2998 1906 48 50 3090 1992 51 1912 1950 42 3050 1614 49 1622 48 1899 46 68 50 47 1565 2003 1867 53 3062 1951 1905 3097 1928 38 3028 1959 52 1904 1905 51 3037 1581 52 54 1577 424 53 1648 47 1957 1913 46 3038 51 2964 2970 1852 2012 2992 59 1997 49 1876 2938 2985 47 1598 1931 3009 2971 1647 1592 2946 63 42
1630 54 2926 37 1963 1931 61 2979 63 2938 1924 3136 1983 69 1930 51 1579 446 1878 1952 40 1609 1558 50 58 57 1974 1918 1662 3068 1979 55 475 49 1602 2927 2010 1960 1923 2001 2934 2992 1619 442 37 2859 45 1527 56 62 1927 42 2989 44 1931 55 40 49 2961 1957 49 1975 1890 3081 52 1911 1892 59 2946 1929 1931 48 1893 1956 1550 1938 52 3031 1617 3006 1567 1580 2935 452 56 1904 46 65 3077 2017 1987 52 1588 49 1525 44 1934 1568 2911 41
2005 1957 1641 1891 1970 49 44 1896 1951 1986 38 53 2961 2910 1522 48 2002 1565 3004 2001 51 1943 51 53 1913 1899 55 47 1604 1531 1955 48 41 49 3158 61 435 47 1953 2019 3032 61 1587 44 48 2960 1585 1577 1901 3147 52 3048 1905 58 1970 55 46 45 1941 39 1632 1951 2998 396 1556 1931 1965 1580 1589 2969 53 44 2004 1536 52 1832 2984 56 55 57 405 53 1878 2931 45 45 55 1568 3101 3016 68 55 3009 1872 49 53 1904 3007 1934 3018
1895 70 1920 60 1925 66 55 1855 3045 47 63 1878 442 3101 1913 3014 1994 40 43 1615 49 1568 64 1579 3048 1571 59 1900 2002 1610 1980 44 1871 46 1523 50 1636 1913 1574 49 1978 48 1593 1875 1929 57 3012 46 40 1549 52 2996 1915 1926 57 47 388 408 1864 1898 64 37 42 1984 3013 1559 63 41 1939 1970 1975 1531 34 47 1864 1523 402 53 1545 57 52 52 49 68 34 1940 56 2018 2962 1904 3049 63 53 1875 56 2902 1947 1913 45 1562
439 2982 47 1974 3084 1916 56 1998 42 39 1550 1940 1849 2983 1930 3053 2943 1612 38 1968 1620 51 51 58 3031 1609 1962 1561 51 1926 43 39 1854 51 3059 3101 1961 1611 53 1960 1603 1860 1938 1950 1898 1925 44 1630 46 1569 49 1907 1912 2966 1950 1579 1951 1946 1942 1576 52 51 1951 503 1883 3090 55 43 42 2983 1600 46 1558 50 1911 2990 428 57 53 1932 1913 59 57 1504 3096 3051 3054 1580 467 42 441 54 2977 50 1973 42 1904 1934 1865 1934
1983 56 1894 1913 440 1538 3108 56 1954 55 1880 1650 41 2933 45 47 1629 3050 38 1947 1627 407 44 41 1928 1597 2007 1930 49 2017 43 1578 1977 3056 1827 1869 1544 2988 1636 61 429 2994 1988 451 1605 48 432 66 1959 1940 2025 55 52 1906 3055 1935 55 1564 1545 53 1567 50 1924 1928 3039 44 3022 1577 1886 1509 44 1982 2944 50 1947 56 50 2958 3030 1964 1888 60 1577 1596 1954 1573 58 45 449 1538 57 1958 1619 2942 64 50 43 1947 1933 1534
68 2966 1971 1933 50 39 46 437 1538 1940 44 1914 35 2966 3023 1987 2993 56 41 1617 412 46 1498 56 3010 1565 2979 3013 48 1910 1592 1834 45 457 1564 2982 2051 2969 34 1682 3087 50 3072 47 1576 42 1639 3035 1942 3029 2986 2028 1633 407 43 1574 52 42 1950 43 2973 56 46 1648 1930 1912 49 1956 2891 56 1592 3027 49 53 3022 1971 1622 405 1626 1980 52 1941 1900 1847 1966 3038 42 1578 1559 1534 2912 2914 38 47 2014 45 59 1927 1934 65
424 55 60 1576 1911 43 45 1484 46 53 1651 46 48 1874 1989 413 3015 447 41 55 1965 37 45 49 43 1994 62 39 46 48 60 49 2983 46 1968 3005 1947 424 53 2008 1946 65 66 1974 1865 1563 58 55 50 48 49 48 1881 1913 66 51 1960 1954 3046 1891 1899 48 1608 1527 1583 1991 1542 57 34 3029 64 1958 48 1946 1925 1886 423 1592 1879 1843 1886 54 2940 45 1997 1916 1981 3022 1588 2959 3044 1960 52 1895 1934 67 68 49 2961 49
45 2014 2994 50 1580 2990 1976 2010 3043 1970 419 52 1618 3015 60 2985 49 51 45 2898 45 54 59 1563 1523 1547 3039 2955 46 1592 40 1929 1997 55 1636 1948 1908 45 53 47 1970 1665 46 34 39 1867 1606 56 45 51 1863 1589 57 1889 50 2964 1632 1589 1833 1507 3079 52 435 377 1586 60 1896 53 1992 1924 1917 50 1924 59 53 1917 1977 1954 1881 401 55 43 41 52 1524 432 1989 1957 1872 3037 45 1608 3000 1910 59 1921 1621 1916 1603 1918
43 439 1597 1610 43 3000 36 2996 1572 1943 52 54 53 1952 2004 1903 3055 1566 54 1980 1974 1996 52 1612 49 2955 59 1907 1863 1919 3000 1909 1911 1947 1550 51 1621 2985 1930 1599 1894 50 2987 2047 3052 1954 1923 54 412 2956 54 1824 1909 55 1565 65 63 62 44 66 1957 47 1688 44 45 47 57 58 58 3014 41 58 55 2929 52 42 1918 1551 59 1924 1936 61 3067 1983 44 1886 51 1585 1916 43 52 49 40 46 1978 2999 60 55 1925 1852
1900 3133 3003 444 1988 30 1871 44 50 2958 3002 2004 1919 2015 1905 3063 59 1918 62 2952 29 454 1620 2982 2946 48 1992 3004 1975 1981 1593 2957 50 61 1947 52 1592 54 60 3039 52 1880 3003 50 52 1954 2988 1586 440 2055 46 1932 1561 46 1993 1891 420 1958 1992 58 44 1610 1909 3026 44 2916 41 1619 47 1546 40 51 2927 1960 3043 444 1974 1927 43 40 1968 50 1973 61 3036 63 1965 1587 44 46 53 2970 1549 40 1972 58 446 3023 51 54
1960 50 449 1553 54 53 1940 1938 1967 2015 2028 37 46 52 49 2981 1964 1893 1991 52 48 1605 37 46 3080 1946 2997 2900 2924 2959 3029 46 48 3104 3027 3027 55 1585 56 1928 43 54 1508 1881 46 1952 62 1977 3106 1912 1947 1607 53 2922 54 1924 1996 2999 61 1609 55 63 51 1581 51 1894 1983 1960 44 1907 44 2989 1949 1904 58 42 3111 3016 1966 1604 48 48 1615 3127 52 51 427 1914 45 1880 1902 3004 1560 1997 1568 51 1941 1567 1996 405
2008 59 48 51 52 45 47 53 1951 1984 53 60 68 1959 45 2978 55 47 1570 46 44 1889 1912 1971 1966 1969 1543 1905 55 2018 57 1958 3012 2916 46 3021 2962 49 53 3024 1568 1639 57 1535 52 1548 56 1880 1546 61 1891 48 1918 1625 1589 56 1563 54 1952 1890 1928 2979 52 1971 1605 2904 54 1981 1913 1928 2968 2867 3008 40 1622 1943 42 3120 51 1942 57 42 1938 1617 1566 53 3031 1964 1582 56 3002 42 1911 67 1977 3095 1647 2977 434 1623
427 3059 2009 60 55 2961 1576 412 1966 1552 1550 1922 1982 3008 53 1960 1963 3031 50 2872 46 51 1916 1608 3000 1923 1936 1983 3008 62 1643 52 1923 54 1549 1541 53 1919 3008 1879 49 1575 61 2994 1933 1977 1584 64 56 56 2008 1916 1917 1672 3015 1530 3058 2877 3069 1948 1567 2958 1884 1680 1942 3039 3004 1555 1659 1652 1882 35 40 68 1587 45 2966 1539 3011 3086 56 1884 41 1609 1617 53 38 1919 53 1833 38 2972 3108 43 3024 3084 3027 49 53 429
3054 2969 42 58 39 1972 1593 3063 3054 46 1623 40 51 1911 2947 3050 44 56 60 3049 1907 1548 51 48 3058 1977 1916 53 53 48 52 51 1935 1606 422 1991 1553 50 2023 3069 49 1889 1997 3026 52 1974 1987 66 3043 2994 1962 60 1594 3012 1550 1943 50 51 45 1963 1958 54 1860 54 3075 1897 55 2027 41 56 52 3030 1856 42 1595 1881 397 1969 411 1892 60 1957 1561 1925 52 1904 49 46 1575 1854 1960 1568 43 50 1930 1962 1995 1583 1605 46
52 1944 57 57 2922 2967 1946 1975 3082 1972 57 1953 3061 1952 1545 1971 1914 46 1891 1629 41 1882 1982 57 2024 43 57 1613 50 1596 1596 2966 1550 1864 63 1605 1988 439 2989 52 53 55 1613 42 56 3114 1923 1862 43 1910 46 1904 1998 2954 1540 460 1855 1526 1979 41 1562 1638 3006 1955 1548 3056 1604 427 1923 1900 54 1614 55 1635 42 1987 54 450 1570 1905 1948 1899 53 60 448 2938 60 49 1537 63 3043 1534 58 1599 1573 1974 1595 2965 3027 41
1626 1879 3034 48 1567 1562 37 54 2989 53 67 45 1642 45 1598 2011 60 52 2965 3043 1540 39 44 2952 1902 1634 3048 3046 62 1932 1905 1948 1936 1575 46 43 435 1904 1624 1620 1984 1629 3045 47 38 1963 40 60 1632 1615 1960 2898 2984 1950 1988 1518 49 1915 2972 52 1483 49 1916 421 46 1637 48 1961 3067 1912 1917 51 1908 1486 54 2932 412 62 45 44 52 1963 1647 2930 1909 1942 3000 1632 1960 48 53 3087 1864 1896 41 1954 3054 1916 1590 54
1904 1959 54 1960 1571 63 1955 1612 55 1908 1942 1976 1932 57 59 1916 60 1637 1996 55 1977 52 3046 3012 51 42 1920 3095 1951 1623 1571 1546 53 43 1948 1546 63 3007 52 46 39 3084 1918 1976 3056 1972 52 1567 45 55 1976 3066 1907 3006 1970 1976 1967 1925 46 64 1895 1980 1610 2940 1946 1929 3027 47 1566 1590 434 1991 2002 46 2960 1910 1992 56 1940 3010 444 405 1648 42 432 3069 1920 2002 3035 2038 1590 3000 1982 35 3053 37 1987 2963 1970 1913
