3132 3429 2583 1746 3530 3493 1688 3647 3235 1768 3558 3417 3200 3312 3347 2573 3232 2520 3163 3467 3427 3449 2464 1806 3420 3493 3294 3574 2549 3271 3196 3461 3453 3555 3242 2586 2573 3452 2492 3513 3351 2511 1689 1746 2610 3291 1677 2470 3632 1725 3255 3186 1740 3521 3551 3333 2552 2613 2559 3525 2560 1687 3230 1699 2605 2537 3511 3371 2681 3281 3288 2546 2458 2552 3501 2566 2617 1783 2465 2549 1782 2613 3195 3394 3213 3246 2574 2471 3512 3232 3444 2679 3460 3107 1695 3168 3520 3426 2623 2601
1809 3419 3394 3470 3214 2609 1737 3449 2593 3583 1809 3341 2614 2548 3251 2595 3439 1728 1716 1695 2648 1735 3349 3507 2556 2536 3123 2557 2522 1778 3337 3345 3420 2537 2600 3591 2603 2578 2520 2557 3593 3519 1794 3564 1724 2606 2547 3269 2587 3445 1692 2584 2569 2519 3202 3556 2529 3255 2597 3532 3520 3226 2538 3484 3439 3469 1775 1824 1742 2580 3514 3373 2609 3150 2613 1759 2557 3415 1677 3190 3219 2621 2627 1636 1685 2653 1750 2543 3165 3501 2544 3421 3350 3438 1728 3528 2551 2492 3588 1694
1736 1779 3275 2589 1762 3535 2630 3525 1711 3487 2540 2592 3501 2567 2570 3454 3236 2594 3274 1735 2716 3483 3214 1741 3568 1745 2467 3445 3195 3433 3229 2543 1743 3229 2584 3205 1856 2543 3211 2571 2493 2651 1729 3564 3508 2571 1810 2469 1748 2658 1774 2620 3416 3270 3555 3402 2594 1704 3413 3515 1748 2527 3444 3505 3466 2557 3267 2591 3289 2501 2563 3163 1712 3584 2565 3214 2597 3143 3455 2557 2570 2537 3272 2588 1761 1704 3258 3415 3268 3234 1698 3231 3493 2535 3288 1705 1684 1829 3385 3288
3395 3278 3525 3460 3158 1771 3552 3470 2662 3516 2631 1809 3514 3204 2536 2531 2515 2557 3186 2643 3498 1724 2646 3192 3507 3222 3185 2570 3467 3195 2480 2556 3465 2583 2591 2563 3373 3452 2617 1793 2542 1754 1810 2680 2614 1744 1741 3244 3110 3234 1740 1780 3215 1756 2471 3285 1699 2607 3172 1722 2620 3484 1668 3428 3271 2480 2541 3206 3263 3420 3448 3589 3218 3499 2648 1680 1700 2605 3114 3503 1768 3463 3464 3299 2613 3455 2582 2523 3466 2571 3477 3407 2544 2613 3230 3530 3531 3311 3342 1754
2573 3439 2593 2491 2469 2616 3217 3226 3236 2605 1716 3160 3369 3515 3490 3458 3456 3247 3188 2536 3437 2615 2446 1776 2587 3527 2634 3510 1761 3127 3415 3392 1708 1753 3164 2536 2541 3515 1775 1770 3516 3446 3479 2681 3437 2599 2560 3217 3521 1760 3461 3465 2662 2588 1714 3525 3500 2475 1775 3506 2589 3325 3514 3233 2562 3290 3236 2535 2568 3404 1757 2675 2661 3539 3499 2648 1725 2531 2592 2593 2478 3316 1795 2570 3472 3213 3217 3413 3556 1688 2499 2542 3259 2588 2490 3393 2578 1705 2509 3496
3433 2488 2511 3469 3280 2567 1759 1755 1775 1796 2475 3163 2638 3275 2542 3298 1711 3408 1697 2601 1774 3451 1731 3424 3260 3461 2578 3589 2566 1610 1722 2536 1832 3496 3525 2515 2587 3298 2552 2664 2620 3479 1767 2470 2508 3174 1760 3495 3218 3244 2603 2609 2617 3414 1710 3600 1704 3547 3501 3258 3198 1765 3498 2663 1772 3449 3228 2644 3523 3511 3451 2646 2576 1746 3412 3352 3540 3539 2545 1715 1782 3564 3379 2566 3491 3477 3356 3170 1736 2594 2565 3521 2636 1690 3381 3166 3176 3564 2512 1740
1789 3425 2446 2547 2498 3514 1665 3428 2541 2564 3172 3520 2578 3255 2554 3516 1659 1734 2504 3476 3230 2507 3324 3285 3592 3450 2657 3528 2554 1681 2515 3176 2495 3254 2578 2552 2565 3453 2621 2558 3584 3255 2586 2628 2557 3241 2529 3442 3198 2589 3559 3289 3453 3152 2576 2639 1728 1803 3158 2533 2525 3427 2567 2530 3199 3233 2583 3540 3234 1814 1793 2552 2646 2585 3256 2526 3220 2513 2463 3287 3176 2592 3459 1774 2620 1745 2577 1784 3448 3485 1763 2540 3491 2561 3572 3523 3350 3503 1781 2566
1653 2616 3363 3570 1825 3484 2646 2580 2568 3406 2536 3484 3506 1770 3205 1776 3466 3172 2553 1695 2575 3599 3301 1816 2541 3396 2605 2564 3560 1704 3186 3351 3623 3483 1702 3477 1748 2522 2554 3111 3610 3466 3444 1718 2543 2624 3148 2563 3489 2483 3476 2649 1721 2673 2632 2526 3405 3504 3445 3148 3168 3491 1808 1775 1749 3199 1742 2611 3419 1769 2616 3641 1733 2491 2514 3459 2630 3261 3492 2645 1809 1707 3230 2564 2598 2543 3436 3268 1754 3279 3501 2620 2596 3230 2540 3408 2627 2601 1776 3491
2561 2631 3469 3453 2507 2592 2608 2543 2509 2594 2607 3200 3465 1746 3175 2567 1817 2544 3251 1748 2601 1827 1785 3216 2608 3224 1820 2591 1715 2531 2583 2548 3455 1698 1784 3423 3298 3456 1734 3286 3498 2567 1753 3286 2639 2636 3316 2597 3547 1757 2601 3491 1822 3179 2570 2545 3397 3302 2665 3144 2587 2573 2548 3196 1707 1704 3290 3596 1671 1686 2576 3514 2565 2623 3534 3384 2576 3545 3256 3264 1722 1751 2534 3465 3474 3475 3284 3365 2622 1676 1733 2632 3214 3466 1713 2622 3181 3433 3222 3255
3178 3588 1726 2551 3282 3424 2548 3600 3428 3470 3519 3228 3250 3157 2601 3501 3476 2500 1827 3501 2609 3584 1746 1756 2592 3269 3497 3401 1786 1697 2537 3515 1812 2573 2469 3276 1720 1772 2501 2591 2568 3522 3438 1678 3498 3256 2536 3465 3255 3464 3527 2614 3512 3432 2593 1764 3676 3477 3539 3144 3328 3205 3528 1715 3306 1657 3541 2535 2603 2625 2558 3376 2521 3418 1694 3388 3453 3158 3412 3320 2611 3502 2542 3417 3544 2532 3456 3411 2576 2560 3174 3269 2591 3349 2518 2572 3505 1705 3473 3293
2562 3529 3190 3163 3229 3271 2635 3546 3217 2548 3388 3569 2565 3100 2619 2584 1755 3555 1709 2622 2530 3520 3428 3254 1783 2530 3537 3306 2593 3242 3345 1707 2567 3425 3432 2483 3239 2560 3161 3415 1755 3230 2531 3225 1887 3505 2507 1709 2595 2519 2579 1785 3506 3538 3314 2527 2575 2528 3628 2518 2633 3254 2537 3402 2593 3291 3269 3240 3245 2555 1775 2587 2507 2642 3541 3227 2544 3448 3512 3217 3505 1710 3427 3378 2567 2577 2635 1784 2559 1763 3434 2538 3236 3518 2588 1774 3190 2531 1755 2566
1777 3246 3544 1744 2515 2561 3259 2585 2515 3277 2634 3143 2593 2489 3389 3485 2530 1726 1719 1821 3545 2618 2544 3565 3393 3525 3242 3439 2575 1711 2560 2537 3510 3492 3564 3487 2503 1724 2629 2591 2582 3390 2590 3506 3409 2661 3490 3167 1739 3378 3249 1691 2596 3487 2546 3142 1704 1778 2527 2549 3310 3200 2552 3406 3588 2635 2596 2544 3291 2555 3449 3328 2631 3221 3571 3207 2602 3307 2604 1680 1735 2592 2504 2618 2646 2582 2616 2556 3434 3480 3426 3182 2515 1701 3468 2547 3436 1783 3172 1775
2559 3268 1822 3332 3437 2583 3490 2573 3454 2578 3507 3489 2528 3491 3558 2482 2498 3454 3110 2524 2597 2604 1727 1722 2548 2585 2541 3546 1749 2591 2591 2522 3501 3296 1774 3454 2509 3304 1775 3461 3542 1750 2593 2528 2587 2562 2593 3241 3451 1698 3260 3405 1730 1708 2511 3287 2580 2584 2492 1788 2534 1765 2627 3240 3478 2714 3251 3205 2590 3195 2615 3477 2579 2579 1737 1691 3435 2629 2616 2531 3207 1788 3475 3468 3508 3237 2601 3205 2529 3419 3506 3370 1746 3192 1710 2522 1730 3396 3564 2578
2581 3397 3280 3275 2497 3531 3582 3227 3503 2554 3494 3399 2518 3524 3417 2498 2610 2519 3462 3503 2615 2593 3228 3295 1731 3139 1763 3235 3445 2582 2623 3404 3447 1771 1734 3538 3482 3161 3436 2606 3355 2519 3195 2561 3463 2546 3222 2496 2616 2520 2553 1711 2500 2476 2571 3498 3462 2510 2598 3475 1771 1771 2654 1718 1714 2535 2535 1759 3533 2585 2615 3190 3273 2561 3488 3492 2654 3414 3438 3231 3495 3413 3490 3292 3522 2656 3420 3302 3486 2544 1789 1746 2580 1683 3229 3229 3534 3280 3390 3504
3186 2611 2584 3246 3459 2562 3500 2509 2424 1765 2533 3480 2563 2487 2548 3402 3556 3258 3500 2626 3435 3465 3422 2668 3313 1674 2666 3548 3315 2473 1863 2555 2534 2459 3547 1775 3578 3232 1788 3221 2547 3266 3219 2576 2595 3413 1732 1812 3191 3262 3597 3524 3494 3451 1713 1788 3444 2515 2663 3481 3227 2573 2533 2521 3414 1725 2576 2622 2641 3398 3499 2538 3500 3305 2648 2600 1742 3424 3462 3285 2561 3228 2667 3595 1649 2583 3274 2573 3254 3214 3187 1774 3516 3512 2557 3229 1765 3312 2610 3222
2541 3401 3520 2554 1741 1816 3494 2537 2647 2553 3479 2605 3197 3286 3462 2539 3219 1714 3476 3313 1775 3463 2627 3445 3550 1756 2595 2624 3506 3407 3282 3282 2615 2477 3540 2535 3503 1774 3415 2550 3225 3467 2584 3299 3594 3543 3457 3253 3226 3450 2552 1705 3486 2525 2656 3322 2594 3337 3471 1762 2616 2518 3206 3518 2549 3560 3160 3291 2633 3232 1727 3504 2702 1801 3473 2638 2570 2658 3488 3477 1752 3494 3167 2512 2662 3576 2659 2632 3298 2638 3452 3201 3437 2566 2563 2648 1730 2657 1744 3513
2544 1758 2570 3445 2592 1734 2598 3297 2586 2537 3386 3166 3256 1739 2521 3386 2568 3194 2524 1735 2599 2543 2611 3513 3304 2647 3564 3239 2555 1701 3253 3286 3563 1725 3513 3434 2664 3295 3493 2642 2477 3243 3257 1745 3541 3400 3341 3455 3319 2564 1690 1713 3193 3119 2503 2539 2524 3554 2501 2535 3472 2564 1727 3247 3475 3491 2567 3546 2553 3485 3229 3264 2533 1728 3433 1787 2603 2607 1702 2633 3293 2603 3316 1691 1720 1734 3278 1764 2554 3400 3465 3233 2531 3510 2541 3502 1775 3218 1766 2647
3186 1727 2614 2646 1685 3481 2577 1725 3541 3489 1764 2514 3489 1722 3576 1734 1722 3401 1742 2511 2621 2559 3466 1811 2594 3288 3449 3164 3253 3481 3579 3485 1736 2628 3315 3221 2520 3413 3485 2627 1692 3258 3196 2583 3433 3613 3570 1772 1647 3507 3521 2484 3527 2608 2576 2521 3415 3486 2530 2638 3215 2485 2540 3359 3198 3508 2562 3298 1675 3223 3257 3461 2576 1741 2518 3236 2473 3506 3435 2555 1796 3502 3537 2578 2552 3561 3469 3481 3469 3500 2599 3548 2547 1712 1778 3290 3468 2573 3295 1724
1677 1805 2528 1696 3512 3032 2646 2639 3189 2580 2539 3221 1725 3212 3182 3222 3261 2548 2596 3198 2634 2533 1698 2463 3155 1725 2620 3477 3252 2625 2485 1795 2617 1737 3528 2518 2549 2646 2544 1743 3502 2576 3513 3460 3186 1743 3451 2593 3352 1678 3321 3511 2521 1690 2588 3534 3225 2593 2649 3278 3242 3287 3437 3554 1735 3539 2557 3145 3433 3292 1774 3528 3479 3503 3390 3567 2738 2538 2578 2619 1709 2569 2583 1714 2679 1783 1831 2543 2525 2554 2515 3312 3400 3105 3278 3461 1809 2568 2427 3195
2671 3442 2534 3518 2559 2550 1689 3162 3357 2568 2590 2587 2546 3355 3512 1785 2647 2522 3567 3306 2570 2605 2549 3580 1734 3596 3137 3440 2596 3261 1744 2610 2642 2626 1715 3468 1641 1700 3209 2549 2570 3267 3224 2615 3554 1757 3550 2622 3354 1674 3422 3474 1773 2586 3539 2573 3169 3484 2574 1813 1762 3235 3199 1770 3501 3536 2561 3449 3262 3395 2663 2555 3372 3545 3507 1775 2686 1783 2525 3445 2593 3224 3209 2572 3184 3404 3523 3597 3260 1752 1703 3205 3154 3381 3561 3296 3453 3429 1718 3221
3493 3290 2632 2458 3443 3192 3529 3251 3221 3583 1775 3180 3204 2583 3447 2540 3492 3294 3177 2527 3489 3505 3226 2620 2557 1806 2667 2584 2586 3297 1673 3307 2549 3518 3521 3280 1725 1766 1774 1711 2555 3505 1651 2595 3416 3127 3475 3435 2551 3212 2635 3309 3507 3544 2599 2631 2556 3491 1835 2646 1744 2545 2567 3150 3455 3193 3475 3505 3247 3477 3457 3277 3477 2486 1715 3411 1815 2632 2625 3359 3343 2550 3442 2534 2613 3419 2614 1729 1755 3468 3444 3474 2608 2631 1739 2664 3464 3201 3236 3128
3490 2561 3509 3528 1782 2584 1772 3190 3230 2487 2713 2602 3151 2637 2566 2535 1756 3478 2643 2582 2641 3443 2587 1739 3393 3196 3216 3255 2532 1748 3446 2598 3567 3407 3502 1782 3431 2587 3524 2540 2666 3484 3494 3206 3347 2504 1764 3524 2635 2551 2540 2579 3511 3373 2622 3509 2567 1713 2565 3404 3407 2604 2574 3277 2605 3209 3450 2544 3243 3485 2600 3241 3231 2590 2561 2640 1752 3424 3196 2487 3476 2580 3478 2598 1761 2575 3448 3509 3255 3202 2612 3268 2505 1761 3443 3301 3458 3518 2704 2579
3486 3505 1737 3440 3465 2509 3524 1772 3499 3393 1794 1766 3289 2672 2633 2569 1787 2619 3497 2608 3535 3499 2583 2504 3548 2596 1822 1724 3459 2608 3426 1662 3177 3329 2548 3599 1709 3449 2541 3251 2514 2707 3189 3266 3501 2521 2498 3473 2538 1709 1778 2713 3528 2517 1736 3434 3193 3205 3393 3516 3520 3377 3318 3200 1705 3250 1730 2517 1688 3254 1764 3429 3183 2620 2655 3627 2673 2629 2564 2543 3271 2525 3528 3287 2538 2482 3160 3569 3497 3475 2529 1751 3473 3552 2582 2610 3544 3232 3273 3451
2512 3233 1687 2500 1753 2606 2508 2579 1723 3215 2596 3152 3456 1742 2626 3537 3312 3530 2499 3212 1754 3574 2480 3207 2638 3484 1896 2619 2659 3285 3416 3564 3253 3508 3250 2529 3430 3420 2601 1747 2574 2537 3264 2515 3221 2575 2578 2541 3194 3422 3409 3458 2615 1784 2578 2535 2551 3436 2597 3559 3485 3251 1769 2545 2724 2654 2547 3238 1725 3416 2515 2566 3295 3443 3569 3139 2615 2647 3495 3225 1734 3541 2535 2580 3540 2450 1755 2524 2631 2553 3444 3262 1764 3581 3190 3469 3181 2527 1758 1759
3498 3499 3568 3226 2607 3330 2465 2570 2548 3498 3541 2559 3220 2534 3396 3192 3380 3548 3478 3297 3268 2518 2449 2611 2513 2494 3492 3237 3463 2592 3526 3517 3216 2656 3244 3501 1691 2502 1729 1694 2681 1793 2546 3450 3465 2560 3220 2657 3252 2611 1714 2570 2548 3388 2518 2422 3435 1741 2556 1742 1786 1746 3448 2532 2673 1763 1714 3418 2643 3400 3295 2510 3532 3244 3266 3417 2583 2528 3285 2475 3465 2569 2584 1747 2593 2600 3451 1717 3201 2626 2656 2585 2578 2564 2548 3157 2675 2571 2585 3414
3436 1729 2585 3158 3273 2578 1844 3560 3481 3502 3273 2545 3289 3163 3477 2641 2650 2620 3541 3203 2633 3204 3519 3297 3424 3590 1702 3492 1698 3182 3287 2644 2603 3497 2605 3507 2593 2558 2558 3307 3456 2671 3550 2607 2601 3567 3607 3520 3233 3211 1693 1746 2606 3271 2555 1768 3566 1778 3481 2584 3554 2472 2566 2504 3520 1821 3186 1718 3213 3228 2544 1689 3332 1641 3530 3395 3497 2623 2475 3374 3481 1795 2514 2576 3451 1731 1760 3513 3566 2501 3191 1656 3454 3471 3401 1727 2632 2556 1812 3557
3489 2644 1809 1708 3424 3498 3457 3560 2493 2719 3285 2576 2588 2522 2613 1776 3126 3267 3498 2617 3170 3518 2544 3509 3241 1797 3195 3279 3445 3231 2631 3542 3495 3492 1704 2556 3518 2620 1717 2565 2619 1755 2541 3460 1762 3267 1710 1719 3293 3521 3228 1741 2605 2588 3424 3500 2472 3196 2645 3561 1757 3491 1724 2550 3463 1698 3530 2528 2626 2574 3470 2604 2534 2541 1702 3469 3486 1763 2582 3080 3230 1713 2534 2506 3262 3466 3457 3219 2540 3402 3197 2624 3489 2576 2616 2575 1756 3462 1753 3242
3443 1643 1691 3209 2566 3232 1781 3173 3547 2501 1745 3521 3476 2542 3424 2560 3429 3479 3150 3483 3528 1705 2599 1790 3436 2573 3191 3250 2591 3594 2548 2630 2569 2577 2526 3503 2565 3541 3268 3212 1714 2604 2525 3268 3398 2591 2555 3445 3281 2498 3545 1734 3472 2556 3329 2555 3453 2527 3481 3545 2646 3148 3448 3171 3523 3491 2552 3221 2563 3470 3505 3292 2542 2506 2625 2558 2511 2495 1762 1839 3552 3441 3419 2539 1712 2550 3311 2560 3552 3390 3341 2590 3445 2658 3295 3283 3504 2625 3508 3429
2660 3349 1754 3224 2658 2589 3179 3624 2653 2550 1743 1773 2607 3440 2610 2622 1825 2509 3243 2620 2585 3532 1756 1711 2582 2681 3486 3506 2568 3392 3480 3500 3316 3266 3569 2532 2525 1781 3138 3427 3223 2583 3445 1685 3198 3502 3539 2594 2536 2563 3213 3183 3317 3513 3180 1802 3525 2558 3235 3512 2544 2579 1774 2564 2591 3566 3486 3207 2604 3216 2533 2486 2610 3516 1729 3156 1735 3513 1753 1740 2713 3460 3178 3208 3475 2742 3506 3435 3248 3256 2553 3452 3520 2576 3170 2502 2569 3294 3461 3379
2555 1666 2577 3565 2554 1729 2642 1768 2606 2538 2436 3536 3439 3527 3175 3470 3493 2616 3279 3239 3128 1742 3523 3316 3529 1755 3400 2598 3427 1769 3495 3417 2517 3439 3519 2584 3452 3546 3263 2600 3486 3465 3151 1686 3534 3113 3216 3609 1759 2447 3315 2575 2618 3500 2473 3279 3463 2536 2556 2579 1704 2560 1650 2412 2639 2661 3196 2598 3510 2439 3187 2584 3190 3373 1715 3278 3495 2603 3480 2600 3490 2728 3139 1767 3217 3268 3532 3464 3268 3422 2518 2608 1767 3236 2537 2602 2579 3539 2644 3428
3215 3426 2516 1730 3488 3472 3181 1859 1756 2606 3226 3452 3271 1765 3455 3408 3610 2505 3258 3276 2529 2598 2599 2564 3470 2488 2522 2594 3223 3501 3436 3369 3416 3240 3098 3538 1767 3381 1691 2555 3239 3453 2613 3281 2529 2522 2583 1738 3443 3529 3147 2616 3508 3197 2727 3439 2518 3457 3226 1721 3527 2606 3530 2621 2590 3185 1716 1795 3594 3207 3286 1664 3161 1789 3418 2719 2571 2616 2519 3555 3193 3583 1712 2703 2549 2581 3268 3539 2581 2557 3165 2444 2609 3496 3487 2461 3197 2582 2650 2615
2488 3538 1724 1679 3489 2607 3402 3500 2619 1695 2528 2603 3242 3416 2627 3583 3289 2575 3469 2521 2524 3443 2531 2591 3143 3444 1783 2593 3648 2576 3462 2569 3237 2535 3452 2612 2576 3485 2534 2577 1719 3208 3438 1679 3441 3439 1712 3255 2571 2578 3191 2592 1701 3389 2589 2520 3160 2607 3415 3409 3437 1777 2529 2525 2557 1701 3530 3430 3408 3303 2506 3253 2443 3204 2648 3517 3560 3246 2491 2552 2443 3562 3232 1724 1734 3486 3272 2627 1825 3330 1737 3208 3545 3466 3646 3417 2638 3129 1748 2628
3571 3215 3482 2536 3514 2563 1713 3472 3403 3122 2582 3540 1780 2595 2592 2565 1719 2637 2569 2546 2550 2507 1771 3425 2624 2518 2538 2575 3480 2545 1761 3563 2534 2546 3639 2564 2537 3429 2663 2551 3254 1726 2571 2600 3499 1763 3235 3387 1748 3493 3411 2491 3317 1745 3464 3461 3205 3483 2596 3470 1853 2429 1802 3381 2602 3443 2567 3148 3501 2584 1700 2552 3514 3494 2558 2565 2615 3459 2611 3484 1675 3570 2608 3458 3175 3463 2597 3420 2503 3423 3264 2528 3432 3199 3366 2636 3348 3209 2611 3166
2538 2711 1701 2590 3567 3479 3242 2581 1726 3237 3231 3436 2648 2552 3412 1819 3196 3536 3463 3458 3177 3522 3406 3443 2500 3565 3469 3265 2597 2612 3358 3374 3146 1730 3479 1771 3253 2644 2503 3544 3464 3471 3295 1721 1737 3502 3448 3136 1778 3420 3232 3403 3300 1723 3480 3450 3208 3490 3452 2523 1696 2594 1765 1709 2476 3381 3509 2578 3516 3479 3443 3202 3253 1775 2632 2573 2508 2690 3270 2657 3539 2643 2699 3195 3484 1753 3556 3459 2571 1762 3450 2501 3183 1793 2508 2507 1766 2553 2476 2618
3274 3181 2539 3419 3292 1749 3518 2641 2531 3145 1784 1750 2641 2511 3256 2548 2496 1699 3192 3283 3205 2540 2638 2606 3415 3538 2551 1855 3532 3501 2518 3471 2644 2510 3411 2546 2557 1705 2659 3481 2521 3461 2628 1755 3453 2625 2533 1685 3147 3487 3430 3513 2628 3525 1756 3193 3212 3165 3173 1757 3265 1759 1768 2580 3173 1733 2670 2527 1742 2579 3617 3356 3134 3257 2582 3417 3236 3223 3264 2616 2477 3131 3197 3518 3238 1787 3186 3584 3534 3473 2509 1714 3592 2587 2652 1685 2566 3149 2661 2538
3313 2595 2554 1814 1778 3220 2503 3462 1686 2580 3524 3519 1759 2569 3355 3517 3569 3234 2629 3182 2510 3395 2562 1753 2582 2450 3468 3247 3265 3474 1826 3318 2616 2598 3233 3492 2611 1792 1736 3408 3285 3470 3205 1692 3237 2603 3235 1744 2537 2606 3240 3400 2682 2556 2601 3522 2483 3489 2552 1772 1779 2669 3398 1667 2572 1740 3241 3533 2604 2544 3180 3269 2554 1711 2504 3466 2527 3254 2533 2671 3452 2617 1732 3279 1771 1756 2540 2479 3566 1727 3254 2523 3622 3565 3413 3560 2574 1735 1693 2481
2592 2508 3490 2589 2566 3192 3391 2546 3154 2604 3385 2576 2538 2624 3145 2499 2486 3246 1720 3639 3506 3489 3494 3335 2538 3480 3581 3218 3483 3425 3631 3152 3206 1752 3219 2608 3225 3401 2564 3573 3265 2528 3463 3325 2507 1785 3481 3344 3219 2636 1782 3413 3472 2582 1730 3345 2577 3447 3481 3461 2541 3216 2559 3489 1800 3645 3561 1783 3304 2567 3226 3462 2543 3452 3519 2647 3452 2584 2614 3358 2589 3541 2618 3344 1726 3232 2555 3447 3535 3526 2542 1781 1786 3498 3545 3432 2568 3372 1754 2582
3271 3463 3492 2640 1814 2592 3267 3415 1737 1774 3430 2579 3197 3182 3463 2575 3387 3287 2580 1819 3458 3433 2591 3152 3303 3533 3467 3491 2553 2590 3207 1760 2528 3513 3257 3533 3274 1785 3441 3543 2471 3157 3392 3449 2538 2520 2606 3218 1721 3443 2580 2649 2574 3527 3402 3532 2615 1705 1829 2523 3146 2622 2602 2590 1823 3502 3487 3435 3305 1755 2533 3539 3497 3144 2649 3441 3554 3395 3464 2558 3267 2613 3223 2648 2553 2529 3354 1634 2615 3410 2533 1732 3251 3486 2574 2595 1735 2640 2596 1721
2568 3633 3527 1810 3499 2492 2587 3229 3510 1750 3340 2583 2603 3615 3213 2670 3520 3217 3173 2554 3156 3153 3413 3450 3308 2540 3122 2644 3430 3292 2633 2610 3535 2659 3513 3442 1731 2543 3194 3249 2643 3471 2601 3426 3579 3454 3563 3426 1752 3471 2589 1710 2635 1738 3250 3184 2615 3381 1765 2636 3525 3193 3208 2524 3226 3450 1754 2500 3647 2537 1774 2578 1730 3404 3396 1765 2520 3374 3457 3517 2542 1721 3490 2641 2537 2623 2603 2589 2613 2559 1750 3499 1771 2587 2557 3219 3172 3537 3201 2551
3525 3207 3466 3407 3530 2575 3539 2606 3148 1762 1721 1741 3268 3473 2598 2522 1768 2639 1698 2524 3508 2541 3147 3226 1723 1769 3392 3565 1777 3420 2549 2539 2574 3164 1737 3429 2529 2553 3468 3278 2474 2612 3395 2569 3451 3477 2564 3292 2450 3509 1706 1764 2623 1717 3255 2560 3259 3212 1783 3498 1721 3518 2612 3535 1784 3449 2527 3464 2649 3524 1825 3190 2549 2554 2506 1721 1737 3417 3234 2648 2540 2562 2572 2612 3266 3521 2525 3244 3174 3465 3387 2512 3218 2546 2550 1772 3255 3293 2567 2536
1733 3228 3132 2524 2635 2606 3502 3204 3505 2524 2552 3256 2595 3279 3174 2531 1705 2588 3250 2547 2628 3170 3536 2594 3549 2567 2577 3224 1665 2642 3437 2614 3463 3197 2620 2651 3478 3220 3447 3242 3507 2548 3298 3209 2545 2540 2519 3254 2592 3458 3479 1675 3501 1733 3519 3577 3216 3422 2529 3466 3427 2608 3375 1682 3525 2613 2629 3189 3525 3480 2533 2582 3191 3351 3625 2687 1757 2586 3421 2512 3539 3299 3194 3426 1751 3249 3242 2535 3523 3518 2563 2607 3529 1682 1742 3523 3299 2558 3264 2611
2618 3130 3532 3255 2539 2562 3622 2653 1657 2541 3559 2477 3322 1721 2512 2522 3203 3540 3442 2497 2551 2562 3505 2603 2602 3338 1694 2656 1744 3381 3202 3551 2641 2497 3507 2545 3155 3441 1805 3491 3478 2518 3520 1821 1707 2574 3540 1685 1872 2491 2556 2629 3475 3312 2604 1670 1729 3287 2523 2524 3216 2533 3436 2565 2581 2560 3454 3577 3603 1720 3455 1864 3366 3258 2509 3515 1882 2658 2590 3189 3265 3414 1760 3466 1745 3228 2589 3539 2563 1769 1648 2602 1704 3367 3186 3576 3592 3206 2540 2533
3456 3151 2548 3456 2597 3405 2642 2617 2583 3271 3210 3495 2528 2507 2467 1745 3458 2522 2567 3311 3487 1741 3140 3198 2558 3301 2548 1763 3555 2569 3504 1780 2607 2692 3526 3136 1732 3140 1724 3490 1767 3487 1739 2613 1735 3491 1746 2550 3438 3454 1752 3214 3574 1718 1773 2504 3259 3429 1712 3538 2530 3506 1798 3513 2504 3507 2615 2607 3271 3245 2519 3494 1809 3450 3497 3516 3451 3505 3367 2585 3150 2574 1826 3179 3206 3161 1733 3430 3477 3516 1696 3455 3495 3520 3455 3559 3184 2663 3260 1744
3485 1702 2576 2556 2548 3177 3467 3179 1702 3494 1803 3221 3539 1681 1707 3175 1738 2570 3433 2638 3379 3444 3339 3489 1760 3474 3388 3510 3278 1726 2586 3175 2531 3431 2579 3259 3211 2540 3431 1752 3453 2521 1798 2582 2492 3481 3221 2613 3274 2539 1698 3343 3492 2562 3262 3456 1701 3505 3471 2611 2630 1703 2577 3393 2580 3516 1709 3206 3478 2528 3564 3314 2673 2543 3489 3179 2545 3391 3429 3105 3479 3229 3470 1770 2662 1723 2538 2541 3168 1749 3533 2565 3417 2622 2599 1737 2605 2597 1739 2576
2527 2584 3318 3256 2682 2574 3288 2529 3561 3457 2483 3382 2518 2587 1737 2591 3558 2561 2561 2506 2622 1698 3483 3323 3186 2531 2562 3428 2634 3236 3285 3556 2612 1771 2595 2553 3216 1764 2512 3409 2559 2595 3304 2575 3463 3439 3198 2527 1713 3478 3516 3357 1757 3156 3483 2580 3528 2571 3463 3300 2631 3498 1638 2538 2624 2468 2613 3144 1768 1768 3449 3538 3510 2526 2543 1736 2602 3589 3477 2563 2503 3242 3436 3549 2561 3543 3135 2517 2621 3158 3369 2552 1713 3458 2623 3264 2519 3578 3127 1722
2579 3434 1860 3188 1685 2644 2535 1648 3411 3467 3410 2585 3467 3520 2570 2639 2554 1806 3257 3228 3206 1712 3208 3564 3435 2620 3464 1783 3166 2533 3225 3502 3185 3494 3569 3192 2628 3355 2568 1771 3219 2610 3543 3528 3332 3144 3229 2674 2730 1724 3479 3113 2526 3342 2496 2540 1715 2549 1769 1788 2498 3219 1695 2650 1706 3455 3500 3461 2562 3498 2562 3216 2513 2627 2623 2562 2543 2438 2587 3482 3469 2548 3238 2548 2558 2582 2541 1711 2589 2537 3428 2591 3394 2605 3458 3391 3495 1790 2579 3238
2565 3139 2516 1711 2540 2551 2510 3415 3560 3247 3254 1780 2558 2555 1737 2578 3521 3373 3477 3237 3470 1763 2552 3496 2549 3439 2548 3531 3547 2574 2639 2615 3203 3344 3379 3251 3461 2567 2456 2607 3528 2520 3487 2557 1811 1683 2542 3500 3129 3510 3467 1758 3221 2585 2582 2524 3513 3485 1743 3526 3220 1764 2551 3551 2544 3167 3487 2548 1729 3309 2486 3189 3548 3505 3481 2610 3477 2542 3506 1812 3269 3532 2558 3170 3384 3215 3469 3186 3090 3401 3521 3135 3110 3589 2559 3519 3269 3450 3446 1680
2645 3159 3168 1758 2579 3308 2589 2581 3457 3571 3390 3551 3353 2667 2570 2589 2487 3430 3494 3277 3506 2580 3446 2655 3626 1707 3121 3432 2524 3469 3454 2601 3280 2604 3280 3534 1700 3209 3589 3390 3421 3499 2475 2541 2624 1804 1834 2617 3249 2597 3279 3358 3492 3288 2673 3466 3178 3229 3204 3316 3435 2591 1744 1693 3405 2587 3451 2569 3561 3283 3231 3480 3220 3515 3362 2577 2619 2555 3552 2542 3487 2633 3482 3506 2514 2562 1771 3597 3411 2591 2514 2470 1765 1742 1704 2594 3279 3503 2531 3475
1621 3576 2580 3223 3490 3196 3480 1738 3496 3249 2619 3537 2655 3418 3599 2540 3272 1816 2566 3526 3487 3083 3440 3545 3462 2587 2571 2522 3219 3319 3426 3348 3194 2549 3216 2570 2634 3520 3191 3241 2620 2585 2596 3472 3473 3210 2540 1700 1768 1790 2533 1711 2489 3208 2590 3172 3557 3393 3486 3394 2457 3465 2505 2528 2538 3584 3270 2475 3568 3573 1745 3493 3557 2685 1754 1833 1720 3430 3172 3463 1747 2594 1787 3153 3515 1820 3452 3196 2523 3455 1762 1697 3423 3193 1745 3495 2547 3508 3476 2594
2567 3459 3171 3485 3459 3220 3570 1728 3592 1752 2567 2561 3291 3237 2578 2666 3306 3284 3202 3526 3532 3490 3544 3176 2653 2620 2566 2585 1768 3571 2550 3494 3395 2540 3562 3421 2699 2618 2502 3457 3130 2557 3181 3220 2698 1677 3197 3520 2539 3509 2672 3559 2582 3464 3514 3225 1655 2596 2533 2539 1712 3433 3450 3480 3488 3492 1721 2533 3444 3184 1689 2582 2569 2581 3486 2643 3558 3424 2556 3368 2556 3623 1766 1714 3429 2493 1765 3247 1771 3466 1731 1774 1717 3461 3493 2644 3482 3465 1708 2555
3471 2698 1771 3608 2519 3236 2537 3214 1771 3550 3451 3199 2583 3322 2443 3172 1794 1763 3497 3442 3441 2576 3208 3540 2545 2544 1761 3535 3522 3214 3562 2593 2635 3120 2546 3239 1687 1790 3520 2525 3207 1691 3470 2639 2540 2567 3515 2570 1690 2597 2593 2526 3462 3483 1784 1726 3445 1748 3453 2636 1688 2669 2524 2606 3547 2542 3465 3601 2581 1742 3196 2621 2575 1796 1746 2719 2532 3420 2530 3386 3476 2623 2620 1757 2594 3537 1756 3153 1756 1740 3490 2580 2522 2564 2610 2691 2659 3563 2558 2622
2534 3537 2530 2581 2540 3308 2595 3285 3437 2605 2493 2598 2687 3426 3331 2555 3575 2550 3272 3545 3207 3350 3451 2560 2557 3211 3200 3157 3441 2512 3555 3459 2511 3438 3475 3375 2608 3068 3246 1682 3546 2612 3239 2587 3427 2653 3392 3284 2534 3125 3324 2570 2609 3159 2545 3134 3483 1767 1736 3355 3378 1704 2569 1748 1726 3473 3237 2539 3202 3255 2530 3181 2683 3398 2558 1705 3224 3450 2551 2695 3358 2476 3502 3379 3224 2599 3439 2628 3207 3370 1706 3407 1716 2535 3300 3198 3212 1703 3187 3201
1740 1654 3529 2536 3505 2594 2700 3461 2607 3509 2553 1761 1649 3482 2581 2544 1696 2594 2545 1728 2556 3507 3218 2643 2649 3208 2551 2563 3561 2511 3522 1743 2540 3509 2530 3243 2518 1706 3514 2575 3517 3278 3442 3473 3419 3519 2522 2563 3293 2559 2516 3476 1701 1801 3499 3454 2569 1793 2580 3569 2531 2619 2532 2639 3484 2622 1727 2555 1743 3567 2556 1726 2547 2606 3257 2547 2442 2567 3444 3430 1753 2664 2617 1754 3233 2599 3454 2645 2548 1790 2441 3202 3188 3419 3604 3525 2568 1712 3246 2436
3482 3228 1683 1707 2557 3293 1718 3510 2666 2503 3080 3624 1727 2549 1755 3262 3470 2638 1769 3535 3488 2570 3491 2557 1728 2710 1729 1695 2685 2497 2618 2588 3262 3418 2620 2566 3495 2562 2557 1770 2597 2534 3562 2649 3406 3374 2562 3536 3543 2572 3398 1682 3497 3379 3433 1745 3533 3440 3430 2520 2603 2546 3458 3519 1724 3208 3566 2615 2630 2599 2614 2555 3566 3502 1729 2604 2536 2585 3188 2460 3524 3336 2632 3580 3535 3429 2567 3181 3519 3453 2605 2581 3256 2586 3240 2622 2586 2532 3412 3442
3515 1821 2542 2674 2630 2579 3493 1725 3488 2483 1664 2637 2536 3441 3530 2595 2581 2522 2540 2522 3531 1771 3272 3202 3552 1765 3191 2547 1640 3181 2582 2544 2551 3589 2657 1706 2498 2571 3530 1742 3400 1734 3179 1851 1729 3476 2498 2511 3249 2567 3450 2580 3467 2526 2635 2677 3421 3368 3186 1724 3395 2590 2607 3498 3312 2550 3541 3201 3505 2532 1811 1684 3426 2570 2562 2600 3630 3258 2578 3533 2532 3527 2600 3552 3451 1761 3506 2593 3582 3646 3259 2672 2595 2625 2592 3532 3579 2526 3348 3488
2616 2646 3563 3504 2602 2522 3501 2519 1745 3161 1740 3354 2508 3450 3283 2633 1790 3487 3475 3339 3121 2564 2565 1720 3512 1775 3276 1731 3257 3505 1700 3216 3477 3497 3468 3250 2534 3490 3441 3160 2647 3475 3478 3531 1782 2609 2539 2566 1666 3208 2520 3483 3297 3122 2585 2624 3283 3490 3335 1709 1817 3166 3274 1723 2601 3482 3182 3211 2519 2489 3168 3187 3318 2587 1742 3528 3555 2595 2590 2510 3551 3237 3302 1710 2566 2615 2554 1783 2591 3231 2410 2619 1685 3418 1773 2679 2657 3210 3142 2610
3314 2523 3256 3506 3479 2520 1765 3148 2552 3421 3260 1749 1775 1844 3519 1737 2574 2490 1740 2575 3410 2637 3534 3169 2666 3487 2600 2614 2547 2541 3579 1733 2621 3611 2610 1696 2565 3448 3175 3183 3411 3572 3298 2598 3170 3282 2481 3164 3271 3427 3254 3200 3424 2557 3351 1766 3298 2536 3210 2525 3438 1727 3475 2573 2594 3242 3545 1777 2562 3500 2608 2541 2637 1702 1658 3483 3567 1715 2447 1692 3287 3399 2569 3443 2538 3457 3508 3501 2567 1713 1712 2551 2719 3599 2596 3454 2499 2543 3493 3439
2533 2532 2675 2491 1778 2490 3234 2516 3556 3213 2623 3449 2617 3275 2589 2681 2534 3146 3316 2615 2595 3245 2591 2518 2594 3215 3575 2651 1657 3205 2627 1693 1744 2661 2558 2576 3461 1794 2603 2670 3224 3399 3396 3175 3193 1677 3185 3477 3553 3584 3315 2508 2610 3481 2521 3329 3483 3531 2633 3469 3255 2674 2506 3188 2639 3233 1742 3190 3204 2513 3534 2571 1736 3231 3526 2591 3542 2525 3434 3386 3192 3513 2546 2583 2638 3365 3497 3219 3180 3540 1751 3192 3322 3428 3188 3603 2605 2518 3304 1750
2470 2432 3340 2501 2563 2560 3228 3557 2606 3454 1737 3485 2481 2592 3296 3243 3468 3282 2562 2654 2593 2640 3489 3263 3553 2599 3180 1766 1785 3428 1737 3285 3412 3501 1787 3185 3502 3453 3177 3516 2615 1819 3228 3210 3250 3217 3214 2580 1702 3470 1688 1788 1777 3224 3466 1793 1756 2620 2585 1709 3503 2678 3531 3188 3325 1810 2528 3537 1846 3393 3425 2609 3312 3469 3296 3519 1764 3156 3487 1854 2563 3540 2564 2531 3517 1759 2589 3222 3201 3422 2633 3253 2524 1785 3327 3496 3505 2657 3196 3262
1793 1772 1744 1726 3462 3421 2604 2566 3187 2567 3219 2550 3487 3166 2551 3454 3614 2568 2577 1717 3518 1689 1755 3226 3547 3232 3243 3524 3542 3229 3550 2629 3241 3465 1705 2596 1752 2573 3456 2527 3443 2597 3270 1663 2518 3310 3214 3274 3574 3560 1706 3186 2517 3259 2608 3234 3443 2534 2665 2563 3452 3202 2603 2557 3512 1727 2625 2536 2573 1688 2632 3460 3577 2587 2554 3190 1782 3485 2594 3295 2582 2547 1784 3403 3534 1749 3447 2534 2584 2524 3295 3445 2484 3368 3217 3211 3301 2658 3199 3448
3401 3283 1736 1720 2514 1720 3398 2582 2534 3507 3519 2520 3155 3162 3232 3251 3641 3534 2581 2493 3445 1715 3414 3499 2563 3187 2582 1811 2520 3371 2550 2504 1693 2565 2590 3237 2571 3223 2573 2600 3533 3217 3170 3466 3273 1781 2568 3457 3494 3437 2657 3187 3534 2641 3196 3486 1752 1681 3553 3552 3286 3192 1756 2600 1787 3527 1749 3296 1712 2576 2541 1656 3210 1730 3260 3486 3259 2587 3444 2547 3177 3462 3541 1762 3347 3499 2583 3274 3523 2625 2554 3574 2585 3177 3116 3498 3442 3527 2528 2582
1807 2550 2656 3296 2456 3405 2617 3510 1729 2536 3283 3257 2517 2596 3371 3155 1765 2532 1707 3424 3211 3288 3208 3473 3197 3179 3344 2521 1652 3236 2594 3464 3242 1719 3495 2622 1733 2530 1728 3134 1690 2584 1772 3249 3142 2540 3248 2544 3509 2565 2569 2576 3505 2557 3207 3534 2629 1733 3560 3252 2619 3190 3196 3235 3276 3534 3423 3485 3555 2532 3435 1733 3281 1737 1700 2557 2479 1757 2545 1737 2622 1762 2583 3200 3547 2539 3480 2520 3213 2556 1730 2650 3204 2581 2531 3499 1700 3216 3441 2541
3526 3171 2607 2572 3492 3204 1783 2626 2604 2570 3298 1730 2595 3139 3375 3238 3136 2503 3456 1794 2507 3254 3536 2590 3439 3441 2603 2631 1731 3583 2524 3456 3467 3246 3169 1703 1699 3550 2576 3448 2583 2548 1727 2590 1695 2578 2566 3442 3571 2626 3400 3567 1810 1698 3357 3190 1793 3388 2426 2617 1754 3499 2585 3429 3540 3328 2458 3461 2633 3388 2577 3179 3431 3508 3441 1806 3567 2572 2540 2538 3418 3497 3367 1698 3504 3404 3214 3500 2511 3242 3305 1790 1715 1736 3559 2497 2561 2538 2633 2546
2634 1797 3186 2462 3235 2554 3462 2519 3551 2543 3464 2597 3574 2476 1771 2586 2532 3595 1675 2505 3510 3479 3313 2662 3133 3208 1812 3251 1645 2578 2549 3508 3547 3474 3504 1636 2552 3206 1701 2607 3300 3209 3441 3551 2537 2623 2579 2563 3498 3512 3408 2500 3497 2607 3222 2578 3470 1762 2653 3396 3132 1822 3448 1737 1757 3477 2657 1723 3198 3588 1761 3500 3234 2526 2583 2554 1763 3325 3495 3563 2526 1710 3523 3203 3190 3525 3380 3259 2586 2659 2558 2559 2610 3230 3597 3259 1803 3580 3505 2555
1723 3381 3147 3463 3272 3566 3423 3497 1767 3459 3394 3245 2627 2613 3578 2649 3386 3266 2591 2607 3612 3503 1789 3307 3459 3350 1720 3541 3230 1740 2524 3465 3621 3445 3426 2604 2562 2598 2569 1788 3283 2565 2545 3151 1735 2622 3300 3502 3614 3505 2562 2530 3226 3521 3439 3210 3219 3275 2528 1774 3194 2522 3386 2591 3488 2639 3272 3244 1713 3256 2545 2536 1755 1767 3425 3422 2587 3587 1713 2543 3444 2590 3625 2648 2552 2556 2557 2532 3264 2562 3180 3334 3078 3415 3188 3460 2633 3462 3487 3541
1793 1761 3422 3211 1689 2578 3507 2529 1790 2460 3522 2465 2604 2606 2601 2503 2537 1787 3303 3183 3456 2577 1777 3274 3435 3296 2683 1745 2555 3239 2574 2570 1721 1751 3427 3382 3221 3449 2537 3190 2579 3470 1704 2650 2543 2598 3535 3400 2559 3545 2586 2580 3220 1749 3520 3196 3254 1760 3472 2609 3228 2646 3504 3213 3467 3539 2661 2593 2558 1743 1766 1716 2545 1731 2526 3510 3406 3648 2557 3210 3539 2587 1791 3310 3293 3218 2547 3470 2444 3559 3144 3291 3260 1883 3133 1741 2549 2617 3261 1778
2525 3519 2584 2497 3472 1828 3453 1698 3448 3318 3530 2609 1688 2561 3201 3490 1722 2609 1736 3298 2604 1753 3217 1808 3467 2603 3448 2603 3569 2593 2628 3541 3543 3162 2488 3212 2516 1681 2697 2594 3477 2479 2648 3304 2487 2585 2607 1785 3509 2525 3305 2614 3474 3240 2545 3443 3475 3452 2579 2629 1788 3412 3447 2526 1698 3259 3404 1833 2541 2674 3507 1753 3429 3555 3586 3465 2556 3284 3249 2596 3603 1712 3451 1801 2534 1725 3359 3364 2664 3532 3220 3272 2606 2569 3242 2639 2502 2607 1749 1763
1717 2627 2625 3604 2618 2547 3344 3175 2572 2565 2614 3201 2480 2491 3377 3475 2585 2657 3212 3518 2639 3471 3446 2658 2552 1716 3499 3445 3491 2624 2540 3274 2533 3379 3288 2580 2561 3550 1738 3578 2587 1766 3457 3274 3545 3239 1728 3523 3471 3466 2520 3179 2566 3562 3277 1692 3511 3493 1771 3203 3260 2582 3470 3474 2544 3533 3487 2655 2565 1725 1727 3186 3289 3542 2549 1738 3451 3555 1756 3499 3434 3510 2572 2620 2514 3308 3559 3467 3497 1727 1741 1701 2566 2578 3326 2647 3485 3176 2592 3239
2657 2573 3538 2506 3238 2563 2606 3172 2590 3437 3316 2628 2540 2671 3167 1834 3261 3424 2533 2559 3157 3137 3482 3477 3542 2710 3362 1704 3198 1793 3195 3444 3412 3542 3467 2494 1702 3485 2563 1797 3411 2623 1802 1730 3459 2629 3127 2520 3547 2602 1703 3403 1724 1772 3492 2478 2551 2603 2574 3401 2563 3292 3492 3462 3165 2609 3424 2497 2586 1684 1736 3183 3588 1742 3266 3176 2573 2467 3180 3533 3236 3225 1756 3378 2591 3513 1727 1677 2491 3424 3293 2693 3249 3208 2579 2545 2491 1748 1662 1714
3182 2641 3454 2591 2598 2590 3336 3425 1756 2556 2516 1620 3421 1737 3484 2613 3512 2479 2550 1736 2518 3268 2539 3474 1759 3510 3416 1751 2473 2529 3284 3532 3514 3467 2560 3513 3558 3546 3563 3546 1754 3211 2562 3200 1800 1699 1746 3477 3578 1666 2565 3400 3187 1726 2477 3305 2474 3439 3488 3553 3494 2579 2473 2718 2574 2565 3253 2591 1715 3642 2622 2655 1715 1746 3440 3261 3613 3441 3459 3514 2558 3214 2467 2585 2574 3423 2613 3525 3475 3447 3449 2528 1700 1746 3573 1723 1733 2494 2589 3469
2518 3253 2611 2576 3429 3451 2549 2624 3242 2503 2547 2538 2606 1737 1802 2575 2545 1696 3483 2505 2633 1749 3433 3516 2499 3578 2542 2580 3186 3396 3450 3200 3551 2618 2534 3261 1712 2561 2560 3403 1692 3175 3526 3260 3167 2602 3443 2658 1769 3467 2619 3536 2561 1734 1766 2424 2608 2593 2499 2624 2579 3435 3217 3273 2576 3318 2561 3380 2530 2537 2602 2587 2560 2500 3500 1679 1758 2569 1670 3390 2580 3586 2595 2648 2596 2537 3185 3205 2546 3469 1716 3363 2581 3353 2567 1743 3161 3468 3265 3587
3321 2580 3241 2630 3582 3454 2514 3202 3478 2526 2531 1679 3454 3384 3433 2558 2581 2600 1753 2468 3442 3267 3393 1772 3449 2603 3208 3554 3519 1720 3507 3216 1772 2554 3391 3497 3229 2469 2504 1790 3457 3491 3559 2557 2632 3429 2660 2658 2553 1801 2583 2534 1750 2570 2553 3490 2543 1719 3254 3166 1747 3485 2638 3533 3492 2604 2587 1783 3313 2575 2580 3581 2551 2569 3310 1768 3322 3541 3487 2597 3422 2477 3236 3587 3543 3487 1747 2646 2575 2572 3477 3269 1690 3443 3585 3500 2487 3224 2572 3209
3238 2647 2622 3228 1689 3519 3486 2539 1757 3569 1697 2562 1776 1820 3315 1691 3242 2558 3455 2564 2579 3551 3197 1782 2664 3129 3518 3406 1789 2507 3542 3192 1760 2519 2552 1733 2621 3413 3422 2443 2581 3210 1723 3630 3507 3242 2611 3548 2574 3470 3532 3170 1771 1809 3367 2594 1763 3184 3259 1681 1732 2648 2592 3339 1748 2585 1710 3305 3462 3210 3448 3308 2639 3159 3578 2603 1736 1751 3160 2633 3450 2568 2595 2554 3429 3568 3419 3457 2541 2534 1827 3565 3283 3212 2563 2592 3437 3163 3418 2520
2539 3436 1728 3462 2562 3332 3228 3336 2552 3279 2586 1794 1726 3201 3229 2629 3234 2544 3310 3481 3229 3588 1757 3468 3522 3172 2591 2569 2500 1776 1813 3196 2569 3228 3525 3415 3431 2593 3475 2551 2536 3306 3289 2645 1739 2541 3211 3516 2628 3358 2510 2535 2586 2541 2537 2553 3446 3159 3414 2629 1767 3196 3220 3214 2551 1747 2443 2607 3212 3513 3539 2468 2629 3201 1626 3256 3536 3231 3292 2646 3403 1841 2534 2602 1790 1804 3607 2589 3459 3201 1711 2675 2651 2541 3394 3132 2534 3220 2607 2618
2560 3591 3138 3530 3265 2516 2649 2586 3108 3215 2568 1728 2635 3213 3638 2553 3426 3248 2574 1682 2581 3230 3259 3218 2534 2635 1672 3559 2596 3237 3492 3278 2586 3220 3632 3137 3133 1780 2526 3481 3435 3237 3393 3465 1729 2623 3485 2544 2584 2600 3262 2515 3509 3271 2544 3310 3464 3253 3124 3254 2599 3453 3282 3307 1774 2566 3431 3440 3224 3476 3282 1799 3521 2529 3184 3396 1739 1740 3383 3504 3509 2583 3453 3235 3305 3503 2549 2650 3503 3276 3226 1726 2575 2555 1774 3155 2544 1724 3450 1691
3234 2556 1782 3557 1742 3243 3507 3576 1687 2538 2630 3429 3407 2546 2555 2594 2575 2476 1761 2585 3161 3194 3186 2625 1682 1754 1780 3433 2596 3590 3478 3423 2592 3166 1733 1738 3536 1704 3449 2579 3532 3180 2458 3440 1794 3426 2618 3161 2442 1742 3411 2631 2556 1806 1692 3464 2606 2591 2665 3214 1774 3482 2505 3403 3495 3150 2558 2644 3465 2551 2542 3237 3467 1698 3455 2647 3303 3415 3270 1744 1713 3527 3523 1776 3337 2617 3307 2568 3464 2541 2512 1685 3296 1719 1762 1695 3464 3187 3406 1671
2483 1738 2569 1768 1743 3509 3504 3166 3418 3436 3264 3137 3165 2662 2622 3486 3510 1783 3310 1696 1745 2561 2577 2572 2540 2595 1747 3415 3499 3235 1692 2616 2595 3424 3576 1759 3505 3224 3508 2653 3440 1688 3257 1765 3214 1683 3266 3230 3467 2593 2594 3282 2582 2473 3468 3489 2529 3481 2617 3314 2533 2694 3167 2531 3275 3257 2477 3481 3430 3413 1844 3176 3559 1739 3568 1820 2565 1696 3532 3501 3422 3514 2581 3280 1652 2629 3458 2562 3217 2553 3456 3535 1677 3257 3481 3222 3456 3503 3464 3539
3533 3352 1765 2515 3289 2530 3427 2500 1763 3231 3478 2547 1744 3233 2532 3217 2521 1745 1781 2571 3459 3528 3416 2571 2602 2576 3261 2582 3179 3469 2534 3191 2541 2572 3241 2547 2536 1692 1732 1811 3488 1785 2591 2560 3176 2563 3184 3261 1692 3441 2505 3170 2636 3416 3427 3186 3391 1661 2546 2559 2632 3169 3594 2494 3306 2544 3178 2646 2528 3304 1691 2617 2565 3443 2575 1746 3478 3381 3565 2605 1763 3500 1746 3495 3476 2492 2641 2651 2512 1795 3509 2584 2589 2537 2584 3333 2603 1795 3573 2516
2641 3161 2660 2579 3471 2609 1720 3222 2500 2566 3429 2654 3486 2696 2548 3287 2599 3468 3532 3436 2595 1807 2583 3204 3170 2503 3460 3577 3510 3267 3218 3197 3483 3256 3131 2503 2595 2472 3289 3445 2580 2584 3435 2542 2617 2549 3248 1726 3458 2553 3440 2582 2574 2590 3504 3309 2534 1673 1756 3491 3501 3484 3536 2572 1770 3228 2556 3528 3503 3508 3432 3485 2525 3486 3501 3483 3541 2646 3494 3514 1754 2593 3482 3193 2553 2490 3558 2561 2554 3497 1775 3492 3255 3268 2609 1687 3565 3590 1702 2589
1745 3390 1718 2456 3454 3452 3235 1727 2524 3591 2561 3493 1714 3449 1721 2589 3168 2581 2709 2553 2627 3215 3497 3260 1773 1694 2616 3481 3309 2571 3269 3512 2562 2544 3424 2531 1803 1777 1724 3150 3435 3166 3392 2560 3368 1691 1722 3554 3389 2464 3387 3258 3508 3464 3177 3417 3190 3468 3231 2612 3578 1694 3181 3461 3513 3436 2508 2561 3522 3423 1731 3591 1709 2531 3554 2634 2587 3204 3569 2618 3448 3349 2600 1796 2455 2553 3533 1685 2677 2582 3196 3528 3530 1742 3438 3511 2580 3567 3463 3454
2554 3516 1715 3443 3180 2623 3555 3579 2559 3446 3487 2551 2646 1800 2536 3150 3548 2584 3433 2466 2629 2603 1801 1696 2595 3512 3477 3514 2591 2544 2478 3387 3461 2529 3371 3500 3459 3306 2574 3275 1659 2538 2543 3456 2536 1765 3507 3218 2592 3185 3263 3551 3466 3334 3160 2617 2631 1840 3337 2601 2575 2591 2576 2635 3558 3472 3562 3619 1696 3194 2585 1758 3218 2581 2575 2642 2617 3250 2596 3469 3205 3464 3491 2559 3563 2495 1738 2678 1781 2545 1731 3555 3451 3425 3301 2584 3356 3520 2557 3230
3513 3478 2614 3643 2630 2464 2652 2534 3525 3619 3480 1817 2511 3160 2645 3197 3250 2539 3544 2579 3224 2528 2585 2505 2550 3403 2548 2503 2513 3394 1731 2586 2475 1774 3194 3524 2541 2531 3553 2626 2509 2575 3290 3539 2570 2610 2629 1719 2638 1799 3460 3362 3460 3533 3503 3241 2531 1780 3519 2529 3313 3264 1708 3542 3527 2584 3285 2616 1689 3449 1801 3457 3498 3466 1784 2602 2593 1753 2595 3119 1760 2502 2576 2539 2581 3294 2597 3259 3359 2597 3418 2585 3520 3206 2526 2546 3427 1762 2618 3476
3429 2586 2659 1763 2480 2589 2518 3203 2550 2643 3145 2504 3209 3314 2655 3256 3531 2490 2592 3369 1752 2537 3244 1750 2608 2541 3228 2538 1771 1721 3444 2650 2645 1672 3404 2549 3566 3471 2551 1685 3232 2577 3233 2597 3481 2541 2619 2624 2685 3139 3493 3473 2602 1745 3410 3487 1775 3496 2650 1729 3424 2584 3382 3461 2609 1746 3396 2580 2529 3318 3261 2563 3162 2541 3421 3459 2627 1706 2694 1698 1606 3454 3544 1715 2509 3600 2542 3452 1748 1816 2592 3206 3433 1747 1723 3315 3330 1662 2622 2557
3228 2562 1707 2584 3496 3515 2499 1755 2598 1705 3423 1787 3441 2500 3570 2594 3252 3174 3514 3397 2592 3235 3226 2547 2674 2507 3539 3404 3347 1717 3370 2647 3264 2610 3401 1750 3480 3516 3379 3562 1709 1763 3274 3281 2599 1681 2629 3199 2611 2518 3438 2578 1788 2618 3445 2502 2583 2490 1701 3486 2497 3587 3405 1684 2606 3557 3580 2542 1766 3624 3589 2584 3541 3538 3205 3501 2546 1689 3257 1758 3201 3251 1776 3309 2602 3548 2602 2587 1755 3525 3359 2588 3196 2502 3188 2509 3434 3284 1780 2623
3466 3482 3165 3479 3467 2632 2525 3428 3521 3479 2573 2536 1767 1716 3218 2605 3569 3216 1722 3370 2586 3506 2491 2538 3440 3478 2451 2492 3247 3262 3566 2565 2568 2544 1653 2510 3267 2494 3545 3450 1748 2559 3233 2558 2609 1759 3198 3251 3416 1689 2515 1765 3488 2553 3440 2460 2499 2604 3488 2583 3283 3457 1765 3266 3273 3506 3559 3222 3232 1705 2535 2503 3475 3222 2607 3452 1750 2619 2593 2582 3231 2549 3442 1671 2571 2571 2503 3206 1709 1816 2533 2456 1781 3497 2549 2717 3512 1675 3298 1736
3428 2497 3459 2566 3523 2647 2640 3523 1698 2564 2501 3349 3239 1769 3473 1631 3531 2487 2627 3342 2540 3212 2574 3197 1696 3263 2552 3349 3530 3158 3422 2577 3485 2657 3168 2497 3134 3473 3313 2508 3580 2533 3173 3473 3428 2545 1794 2579 2519 3211 2590 1795 3490 3470 2612 2519 3099 3176 3489 3401 2611 2585 2545 3480 1670 3180 2572 2557 3484 3428 3440 3200 2550 2658 3397 3258 3154 2555 3240 2536 2559 2676 2562 2599 2570 3514 2624 3512 1718 3530 1774 2619 2513 3522 2580 1788 3402 3521 2555 3225
3207 1757 2589 3458 1754 3529 2595 3449 2580 2597 3243 3517 3415 1684 3514 1768 1730 3120 2501 3590 3211 2661 2561 2489 1785 3285 3518 3347 2554 3494 2541 2545 3410 2655 1791 1659 3462 3282 2666 3461 3155 3453 3533 3398 3482 3355 2577 3273 2592 3296 2551 3551 3545 1751 3516 3232 3460 3510 3431 3258 2543 2676 3431 3190 3498 1743 2524 2613 2600 1718 3265 2570 3249 2588 3471 1746 3206 2638 2601 3480 3450 2544 2536 3172 1772 1789 1703 3266 3188 2615 3320 2545 1716 2617 3491 2485 3600 3476 3477 3633
3464 2501 3589 3455 3195 3239 1754 2603 3412 2538 3515 3256 2545 1717 2514 2569 3212 1703 2475 3424 3281 3301 2550 2568 3440 3187 3463 3537 2495 3468 2591 3245 3522 1713 3522 3410 3248 1779 3216 2612 3218 1774 3461 3246 3323 2611 3241 2577 3478 3480 3469 2529 2575 3396 1682 3464 2475 3228 3198 2629 3225 2559 3493 3452 1777 2485 1775 3258 3527 3206 2596 3537 1739 2630 3568 2545 2571 1768 1768 3398 3484 2467 3214 3207 3570 3165 2507 2547 3164 3243 2480 3409 3280 1790 2548 2527 2549 3522 3510 3218
2521 1729 3478 3508 2565 2493 2520 3140 3198 3492 2555 3488 2544 1726 1822 3471 1700 2590 2471 3119 3279 2544 3283 2638 1793 3305 1779 1739 2565 3476 3270 3537 2587 3178 3166 1741 3612 1712 2592 3218 1748 2699 1740 2593 3175 2550 3277 1774 3468 1721 1721 3457 3203 3239 2533 3092 2633 2602 3374 2639 1724 2570 2624 3258 3454 3499 2618 3452 1754 2639 3259 1760 2560 2595 1695 3552 3211 3178 3163 3571 2544 3382 3489 3542 3529 1780 2519 3174 3166 3188 1755 1736 2591 2479 3496 2632 2506 3400 3487 2532
3163 2539 2595 3239 3444 2614 2530 3168 2535 2571 3145 2426 2582 3542 3469 3213 1752 3202 2593 2613 3565 2607 2585 2531 2671 3507 2597 2628 2600 2571 2624 2552 1705 2571 3536 1806 3454 3257 2604 3468 3541 2559 2551 3450 3484 3189 2596 2589 2559 2566 2626 2622 3433 3460 2601 2470 3579 3559 1790 3502 3588 2592 3195 3193 3186 3440 3192 2564 2611 1774 2533 3497 2485 3351 3512 3499 3215 3240 3432 3509 3498 2595 1741 2625 3529 3475 3414 1860 3242 1769 1778 3381 2654 3502 3387 2519 2470 2620 1749 2560
2580 3430 1696 2546 3246 1777 3555 3558 1753 3416 3266 2510 3258 1756 2508 1855 2561 2522 2601 1747 2606 2609 2541 3211 3226 3281 1769 1861 2610 3248 2517 3456 3454 2519 3223 3476 3501 2512 2521 2523 3579 3275 2565 2586 2570 3608 3156 2536 2669 2524 3434 3136 2499 3450 2596 1757 3346 3215 3503 3159 1747 2523 3265 3164 3312 2603 3430 2522 3469 3473 3572 2543 3620 2488 2635 3437 3568 3386 3471 3327 2505 2616 2488 2587 3270 3209 3436 3466 3551 1814 2574 3326 1719 3543 2601 3494 3299 3528 3273 3484
2557 3182 3158 3254 2481 1759 2529 1668 3175 3602 2615 2587 2567 3393 3435 3546 1780 3288 2579 3411 3544 3485 2546 3266 2567 1765 2548 3404 3383 3491 1780 3375 3458 3421 3249 2520 3195 1659 3480 3259 3441 2612 1727 3431 1732 3480 3485 2533 3264 1711 2492 3483 3470 2563 3165 2615 2558 2547 2604 2633 3500 2499 3217 2556 2622 2564 2571 2596 2672 1710 2587 2570 2474 1730 2520 2544 3448 3288 2530 3508 3582 2485 1732 3416 2567 3452 2635 3250 3465 2574 2545 2571 2639 2600 3453 1831 2581 2553 3492 3601
3473 1791 1689 3230 3358 2575 3414 2511 2565 1700 1718 3468 3547 3514 3410 1715 2535 3423 2512 1769 2560 3306 3214 1689 1687 2642 3473 1772 3504 3504 3175 1715 2596 2579 3477 2592 3207 2547 2536 1680 2562 3481 1752 2592 2615 3472 1772 3191 3203 3407 2548 3545 3160 2492 3514 3451 3329 3457 3536 2576 2552 3218 3407 1787 2592 1726 2521 3325 2488 3228 2619 2593 1765 3482 1752 3145 3471 3490 2590 2636 3514 2563 3486 2567 1795 2584 3513 3323 2548 2559 2522 1789 3143 2638 3481 2505 3189 1849 2546 2635
3497 2587 3228 3132 2633 2550 3422 3329 3437 3523 3508 2550 2618 2570 2564 1799 3372 3476 3477 2560 2571 3199 2543 2615 1781 3548 1789 1756 1770 1724 1714 2516 2580 1758 1679 1771 2633 3212 2535 3494 2639 2567 3164 3505 2565 3474 2582 3355 1783 3556 3441 3259 2592 1783 2615 3464 3473 1755 2537 3350 2562 2614 2547 3156 2628 3521 3371 3493 2618 3509 2557 1762 3464 3351 2581 2577 1767 1740 3504 3191 2549 2479 3345 1759 2541 2572 3160 3399 2463 3567 3477 1682 3203 3515 3156 2593 3514 3260 3450 3284
3591 2507 2472 2520 2646 2575 2639 2533 3478 3376 2644 2583 2536 3410 2579 1770 2566 2635 3276 2541 2650 3503 3410 3539 3530 3504 3234 3445 2592 3500 2444 3501 1742 1749 2684 1685 1706 2577 2592 1808 3220 3285 2515 3254 2565 3231 2567 3479 3290 2623 3470 2537 3345 3277 3190 2557 3198 2654 3465 3479 3526 1746 2525 3422 3323 1816 2563 3483 3493 3583 1714 1725 1714 2577 3244 3434 2569 1789 2679 3520 2518 2545 3366 3297 3298 2581 1699 3572 3302 2548 1681 2561 3471 2602 3542 1737 3168 1701 3261 3227
3273 1710 3452 2566 2592 1769 3258 3166 3477 3198 3220 3560 3503 1659 2596 3386 3444 1737 2609 1714 2638 2584 3467 3247 1748 3469 3482 3445 1753 2584 3268 2568 3443 2579 3241 3267 2575 3514 1769 3430 2537 3127 2611 1798 3497 3398 3180 2570 2600 2516 3461 3517 3464 3278 1745 3168 1697 1774 1747 3413 3332 1729 3416 3168 3492 1802 1779 3161 3244 3235 3484 2644 2559 2582 3173 2594 1738 3202 1797 1698 2518 3493 2642 3208 3154 2630 2596 3482 2614 3369 2535 1624 1694 2549 1766 1742 1793 2528 2534 3248
1751 1752 2570 2584 2561 3435 3185 1774 1773 2563 3288 2521 2629 3557 1787 1760 2551 2528 2657 1773 3424 3221 2590 2531 1719 3506 3394 2616 2543 2528 2526 2624 3482 3226 3225 3369 3238 2605 3449 1840 2561 3529 3465 1749 2519 3540 3395 2568 1690 1752 3561 2534 3221 1719 3314 3481 2596 2573 2596 3507 3438 2447 3499 2518 1782 3571 2596 3470 2612 2600 2595 1724 3500 2577 3261 3462 3175 3505 3232 3465 2466 3475 3289 3438 2529 3500 2476 2587 3281 3463 3556 3175 2499 2575 3440 3478 3490 3298 3189 2517
2552 3573 2552 2643 1789 1744 3533 3406 1716 3480 2638 3440 1728 3517 3227 3510 3310 2602 3395 3252 2518 3489 3452 2564 3473 2477 2674 3210 2559 3270 3244 1723 3206 3437 2597 3240 3472 3176 1806 2648 2651 2579 3191 2653 2574 1783 3391 3506 2500 3503 2575 3476 3521 1733 3216 3278 3539 3222 3410 2512 3192 3149 1800 3472 3249 1771 3274 3252 3463 3450 2699 3237 2579 3289 2620 3474 2635 3253 3211 3434 3574 3607 2549 2574 3266 1817 2553 2496 3242 2598 1757 3137 2523 3216 3162 3554 3152 1719 1743 2575
3154 3513 1725 2614 3301 3263 2615 2527 1782 2535 2651 2473 3102 2638 3252 3523 2563 2554 1695 1770 3131 2598 2649 1823 3523 3248 1724 1786 2599 3583 3479 3450 3474 3257 2551 2537 3323 3522 3244 3221 3430 3172 1767 2562 2563 3435 2610 2575 3265 3316 3517 1774 1768 3439 3515 3250 2594 3510 1764 2520 3138 2559 3473 3261 2492 3213 2592 3405 1668 3478 3540 2634 3389 3170 2566 1847 3247 2532 2466 2552 2574 3362 3229 1788 3437 3500 1745 3263 3543 2551 2578 1756 3416 3409 2553 3425 1735 3399 3105 2524
3444 3415 2617 3498 3151 2604 3530 3233 2528 3477 3498 3445 3560 2544 2556 3520 2642 3239 3469 2544 3565 2590 1681 1800 2609 2567 3432 1751 3459 3224 3243 3212 2553 2688 3536 3227 2558 1706 2585 2541 2598 1694 3369 3592 1719 3383 2591 3180 2554 2611 3459 1767 3584 1790 3473 3447 3502 3369 2516 2551 3357 3387 3266 1749 3460 3455 1710 2492 3186 3212 3206 3453 3529 2545 1706 3590 3638 2583 3447 1743 3240 3109 3138 2631 3214 1764 3539 3481 1652 3452 3187 1775 3457 2613 1818 2557 3460 1787 3481 3509
