2612 1003 3344 1814 1068 1064 1799 1001 2657 1913 1049 1010 2995 2597 2606 3446 2618 3270 2965 1072 1021 1038 3351 1787 964 1049 2560 962 3265 2938 2548 1059 1004 1066 2972 3345 3324 1048 3392 1066 2656 3378 1752 1878 3311 2649 1929 3407 1023 1868 2648 2612 1837 982 1040 2654 3355 3293 3302 1052 3390 1899 2613 1780 3295 3286 1042 1028 3422 2555 2557 3353 3242 3268 1073 3252 3442 1783 3381 3349 1861 3300 2635 1067 2616 2731 3325 3291 1074 2590 1038 3300 1038 2894 1856 2967 1067 1036 3349 3289
1804 1086 1095 1045 2933 3210 1820 1090 3356 1078 1850 1101 3338 3321 2545 3342 1059 1947 1799 1873 3336 1795 1064 1047 3394 3365 2632 3397 3422 1890 2539 2661 1089 3396 3219 1058 3374 3298 3329 3348 1063 1020 1836 1047 1872 3409 3275 2670 3271 998 1843 3391 3380 3353 2667 1061 3356 2580 3354 1007 1046 2657 3377 1034 987 1051 1891 1786 1845 3278 1166 1011 3401 2590 3357 1828 3354 1049 1885 2899 2602 3402 3249 1846 1803 3400 1826 3269 2645 1061 3347 1103 2624 1073 1844 1090 3352 3409 1038 1894
1918 1770 2604 3415 1840 1050 3317 1030 1857 1071 3280 3456 1039 3367 3342 1027 2561 3366 3032 1762 3346 1063 2891 1830 1069 1800 3328 993 2648 1053 2558 3405 1818 2648 3304 3011 1817 3311 2710 3230 3461 3301 1844 1010 1010 3383 1760 3252 1797 3368 1838 3359 1030 2948 1119 1049 3354 1788 950 1048 1877 3294 1040 1020 1026 3324 2576 3390 2600 3233 3235 2621 1887 1092 3416 2588 3244 2587 1069 3403 3457 3332 2585 3345 1801 1795 2683 1034 2583 2640 1866 2595 961 3240 2966 1843 1816 1784 1024 2581
1049 2553 1007 1077 3043 1831 1003 981 3349 1013 3285 1825 1037 2632 3319 3334 3538 3408 3014 3260 1039 1738 3445 2687 989 2714 2595 3393 1038 2677 3337 3346 1018 3370 3390 3267 2580 982 3318 1834 3245 1840 1764 3415 3327 1870 1850 2589 2641 2985 1842 1775 2660 1927 3234 2739 1957 3338 2675 1785 3299 980 1835 1082 2852 3375 3391 2604 2638 988 1063 1055 2566 1091 3388 1837 1818 3271 2582 1075 1774 1045 1001 2667 3331 1062 3526 3296 1018 3353 1012 1079 3385 3398 2649 994 1075 2640 1046 1858
3248 1102 3397 3222 3415 3205 2610 2546 2873 3348 1841 2603 2507 1032 1053 1050 1040 2941 2656 3190 1068 3384 3374 1797 3474 1010 3287 1038 1859 2630 1031 1032 1824 1873 3020 3463 3355 1027 1791 1841 1027 1069 1036 3389 1021 3297 3226 2725 1007 1798 1047 1076 3347 3257 1764 1029 1092 3368 1808 1077 3266 2578 1060 2582 3387 2627 2712 3375 3304 1052 1752 3379 3379 1039 1083 3380 1793 3391 3322 3345 3413 2595 1857 3328 1066 2894 2582 1008 1005 1777 3322 3288 2643 3429 3365 1057 3340 1850 3208 1017
1084 3321 3476 983 2630 3382 1816 1858 1954 1831 3317 2564 3281 2639 3324 2691 1901 1030 1896 3378 1776 1046 1856 1059 2522 1138 3261 1050 3290 1801 1823 3297 1809 1045 1065 3396 3285 2881 3402 3308 3268 1078 1942 3320 3373 2977 1830 1019 2666 2679 3369 3273 3386 1045 1858 1049 1875 1041 1021 2718 2609 1767 1047 3341 1795 1036 2642 3389 1027 1055 1103 3423 3364 1839 1063 1089 1029 1055 3326 1913 1842 1087 1072 3323 1075 1040 2601 2566 1818 3277 3376 1067 3201 1794 991 2632 2990 1034 3327 1841
1790 1049 3378 3332 3386 999 1830 998 3374 3262 2516 1019 3356 3069 3309 1045 1799 1793 3347 1001 2607 3239 2656 2620 1058 1035 3309 1063 3420 1780 3227 2669 3271 2867 3327 3388 3339 1022 3268 3299 1040 2649 3275 3298 3333 2948 3359 1051 2663 3348 1066 2691 1055 2905 3370 3435 1840 1769 2620 3345 3375 1028 3379 3320 2687 3084 3296 1027 2698 1838 1883 3437 3319 3358 2598 3365 2565 3358 3329 2658 2660 3315 1085 1871 3359 1850 3208 1810 1020 1064 1919 3219 1060 3244 1047 1000 1043 1002 1798 3217
1807 3388 1039 1054 1787 946 3411 3312 3345 1019 3445 1080 1024 1864 2683 1796 1060 2652 3474 1861 3261 1037 2914 1959 3387 1063 3272 3326 985 1812 2573 2644 969 1086 1713 1041 1804 3358 3374 2493 1057 966 1052 1860 3356 3171 2620 3348 1042 3387 1101 3376 1752 3254 3330 3388 1032 974 1031 2546 2954 1046 1796 1833 1831 2768 1889 3393 1110 1926 3200 1075 1788 3380 3397 1124 3338 2905 994 3359 1839 1826 3006 3284 3222 3317 1058 2601 1873 2589 1051 3381 3353 2631 3288 1022 3341 3341 1725 1090
3338 3360 1054 1005 3387 3329 3238 3302 3410 3327 3357 2690 1044 1799 2917 3339 1844 3316 2524 1795 3374 1806 1831 2578 3371 2565 1738 3392 1814 3322 3331 3304 1120 1798 1788 1052 2588 1087 1785 2638 1045 3443 1882 2938 3287 3277 2546 3398 1045 1830 3346 1057 1766 2647 3340 3237 968 2710 3408 2574 3357 3279 3334 2689 1837 1886 2588 1113 1831 1839 3485 1066 3383 3270 998 1038 3351 1030 2575 3005 1824 1897 3390 1077 998 1008 2955 1053 3288 1838 1810 3291 2653 1037 1863 3479 2637 1044 2616 3031
2564 1009 1902 3397 2561 1032 3465 1043 1064 1043 1049 2573 2639 2631 3322 1094 1097 3376 1804 1065 3313 1097 1841 1985 3383 2557 986 1016 1832 1843 3390 1035 1877 3285 3316 2605 1875 1866 3442 3382 3294 1012 1045 1845 1084 2625 3406 1041 2655 1074 998 3372 1048 973 3331 1797 1090 1051 1042 2602 1028 2586 1037 1791 2629 1823 1077 3334 3276 3314 3301 1009 3234 999 1866 995 1021 2580 1028 2632 3323 1049 3361 1028 1054 3205 1047 1026 3360 3247 2714 2566 3394 2653 3372 3221 1057 1880 1052 2635
3375 1044 2605 2657 2882 2599 3370 1008 2556 3377 1006 1015 3296 2853 3384 3286 1851 1020 1815 3289 3336 1028 1060 2609 1850 3389 1062 2623 3300 2632 1022 1811 3415 1051 1057 3363 2986 3372 2642 1054 1866 2648 3352 2871 1811 1044 3281 1818 3360 3314 3185 1878 1037 1033 2515 3479 3323 3363 1037 3341 3362 2549 3333 1067 3272 2697 2597 2725 2690 3310 1817 3387 3383 3259 1049 2532 3278 1018 1001 2996 1045 1883 1099 1014 3300 3341 3400 1791 3237 1842 1114 3311 2701 1029 3270 1867 3005 3386 1773 3378
1808 2706 1073 1824 3377 3304 2659 3254 3344 2615 3368 2615 3323 3317 1039 1055 3322 1871 1921 1878 1044 3365 3371 1078 1019 1036 2656 1008 3363 1813 3344 3327 1045 1068 1056 1065 3385 1806 3373 3356 3320 1058 3389 1036 1033 3394 982 2640 1844 1084 2640 1851 3336 1021 3298 2599 1850 1769 3388 3232 2952 2584 3323 1038 1070 3366 3325 3338 2539 3375 1048 2654 3371 2631 1040 2646 3310 2554 3327 1762 1886 3448 3414 3381 3342 3254 3228 3330 1013 1024 1056 2955 3245 1812 1002 3348 1063 1815 2667 1872
3356 2533 1826 1033 1016 3430 1051 3356 1020 3325 989 1043 3310 1038 1077 3435 3313 1026 2886 3297 3248 3366 1856 1791 3458 3344 3300 961 1834 3362 3305 3401 1034 2591 1845 1017 3321 2880 1857 1031 1019 1844 3423 3320 3349 3348 3310 2885 1040 1818 2635 976 1856 1870 3383 2644 3323 3361 3375 1898 3293 1816 3304 2621 1003 3277 2567 2660 3339 2691 3312 1062 3356 3349 1923 1772 1051 3278 3260 3349 2634 1819 1064 1021 1098 2619 3278 2708 3337 994 1055 2720 1800 2671 1845 3383 1924 1066 1010 3340
3340 1005 2637 2615 3388 1049 1074 2571 993 3328 963 982 3300 1043 996 3389 3252 3249 1085 1016 3345 3334 2941 2603 1822 2716 1837 2588 1088 3397 3253 1076 1058 1843 1823 1071 1039 2567 1029 3358 1047 3392 2610 3308 1046 3371 2564 3352 3383 3356 3469 1815 3367 3360 3316 1073 1053 3438 3430 1052 1839 1824 3405 1852 1801 3349 3363 1856 964 3307 3397 2917 2560 3293 1023 1075 3335 1004 975 2722 1044 1064 1017 2589 1096 3230 2708 1014 1018 3289 1821 1881 3394 1875 2630 3087 1029 2550 1018 1079
2603 3325 3334 2612 1058 3305 1067 3425 3325 1847 3308 1059 3420 3376 3384 1094 1004 2565 1059 3357 1030 997 1082 3360 2561 1828 3388 1016 1050 3306 1899 3344 3316 3341 1026 1812 994 2626 1776 2446 3306 3029 2579 3258 3322 1082 1856 1838 2859 2927 1019 1038 996 1023 1878 1868 1066 3295 3277 1056 2673 3477 3396 3317 1054 1823 3312 3388 3298 1066 1008 3338 1047 2588 3275 3262 1807 1022 1120 2980 3374 2668 3344 1019 1890 3330 2617 3386 2551 2629 2995 1807 1007 1051 3392 2627 1896 2629 3241 2713
3362 1051 969 3250 1793 1863 1107 3387 3411 3248 1055 3376 2693 2910 1154 3316 2650 1790 1060 2633 1804 1037 3231 1050 1056 1807 3298 3360 1021 1036 2570 2657 3299 3317 1099 3274 980 1828 985 3385 2594 1077 3386 2861 1043 1052 1040 2610 2677 1110 3325 1824 1030 3295 3367 1059 3349 2658 1029 1851 3426 3230 2960 1010 3263 992 2559 2629 3380 2927 1780 1051 3353 1764 1052 3307 3302 3345 1061 1023 1861 1092 3014 3413 3415 1016 3276 3319 2656 3239 1051 2614 1044 3349 3429 3334 1835 3353 1829 1074
3338 1888 3432 1063 3368 1910 3334 2597 3408 3292 994 2592 2559 1823 3412 1070 3253 2539 3420 1797 3371 3416 3434 1017 2949 3295 1063 2620 3399 1843 2501 2652 1111 1780 1015 1023 3328 2599 999 3270 3355 2592 2598 1841 1030 1079 2604 1046 2604 3361 1803 1823 2626 3021 3343 3335 3278 1044 3382 3326 1066 3352 1829 2918 1090 1034 3325 1002 3405 1082 2660 2546 3311 1835 1021 1785 3280 3259 1842 3334 2585 3365 2676 1846 1833 1796 2921 1876 3223 1069 1024 2531 3433 1038 3250 1052 1858 2587 1876 3399
2549 1861 3287 3363 1832 1058 3365 1825 1049 982 1855 3372 1013 1841 1046 1889 1922 1019 1809 3389 3348 3353 1052 1765 3275 2624 1082 2564 2696 1045 1038 1079 1859 3333 2585 2978 3303 1050 1050 3370 1852 2619 2668 3321 1010 1003 964 1829 1781 957 1049 3308 1018 3331 3359 3342 1092 971 3419 3272 3001 3357 3350 2565 2912 1068 3344 2562 1816 2698 2659 1020 3359 1841 3345 2653 3325 1044 1021 3294 1813 1027 1006 3334 3299 1043 1039 1032 1030 1011 3380 1056 3444 1750 1751 2892 1010 3303 2510 1820
1884 1916 3313 1878 1029 2589 3497 3386 2579 3324 3269 2609 1820 2604 2929 2547 2588 3350 3350 2709 3237 3329 1784 3378 2519 1802 3297 1082 2961 3359 3412 1811 3272 1860 1046 3352 3188 3271 3327 1761 1053 3423 1096 1019 2963 1936 1061 3290 2646 1825 2673 1022 3347 1829 3398 1011 2931 3392 3322 2606 2626 2993 1061 1062 1817 1017 3320 2620 1069 2886 1768 1008 1036 1039 1067 1017 3262 3335 3358 3251 1823 3292 3296 1904 3301 1901 1806 3344 3393 3267 3316 2673 1010 2747 2938 981 1886 3350 3298 2553
3394 1049 3334 1063 3301 3377 1755 2657 1032 3359 3322 3338 3341 1071 1073 1810 3457 3354 1080 2614 3393 3400 3297 1109 1841 1049 2628 1059 3426 2637 1855 3330 3344 3376 1796 1016 1775 1795 2553 3291 3290 2535 3008 3342 1043 1850 1085 3413 2582 1858 1037 1078 1875 3271 1038 3371 2683 1029 3324 1852 1772 2600 2638 1760 1028 1077 3324 1031 2633 1068 3383 3334 1037 1044 1052 1813 3328 1879 3375 1022 3334 2955 2646 3376 2661 1033 1134 1081 2600 1822 1828 2638 2725 1070 1092 2708 1048 1006 1902 2968
1089 2949 3412 3414 1021 2589 1073 2692 2631 1091 1826 2663 2964 3322 1025 3362 1065 2654 2601 3253 1031 1027 2579 3367 3375 1858 3247 3350 3302 2631 1890 2619 3372 1075 1092 2665 1882 1816 1805 1879 3281 1042 1760 3371 986 2619 1027 1062 3249 2882 3372 2692 1009 1073 3409 3387 3346 999 1875 3405 1846 3368 3301 2623 1058 2625 1064 1033 2710 1035 1029 2731 1069 3343 1825 1004 1883 3316 3322 1038 2629 3296 1046 3368 3328 1050 3473 1840 1885 1084 1043 1079 3354 3208 1875 3350 1048 2661 2553 2570
1019 3352 1035 1043 1854 3341 1822 2959 2684 3344 3291 3373 2697 3301 3306 3362 1772 1011 3390 3433 3432 1010 3353 1816 1026 2937 2614 2650 3460 1902 1037 3359 1079 1069 984 1768 982 3343 1008 3262 3290 1066 1035 2913 2624 3420 1860 1056 3338 3310 3376 3348 1045 1013 3354 976 3343 1853 3365 1049 1054 3241 3371 2602 3269 2588 1048 3232 2660 1030 3204 2932 2553 3331 3377 3403 1897 1076 2990 3336 1034 3415 1073 3325 1832 3250 1018 1040 2923 2720 3324 2968 3264 1885 1044 2661 1006 1057 3156 3426
1012 1052 1896 1078 992 3355 1088 1840 1018 1065 1864 1783 2650 3443 3331 3330 1811 3419 1062 3442 1039 1111 3325 3370 1021 3418 1846 1807 1034 3358 1066 1790 2503 2905 3311 1036 1896 1032 3292 2600 3317 3302 2672 2565 1048 3383 3344 997 3352 1821 1764 3346 1085 3419 1861 1012 2637 2613 1067 1035 1065 1063 2583 2632 1880 2680 1808 3414 1777 2683 1769 1072 2572 3373 3355 1056 3257 3280 3308 3275 2570 3314 1026 2638 3486 3240 2678 1045 1083 1012 3353 1825 1027 1058 3477 3363 1020 2942 2907 1064
3292 2584 1847 3316 1815 3431 3343 3259 1782 2660 3372 2938 1005 1778 3348 1010 2657 1019 3258 2649 1757 1054 3354 2650 3398 1041 1842 3354 3253 2573 1050 1079 2582 1013 2497 3338 1033 984 3208 1867 3424 3335 2577 3398 2594 3374 3274 3319 2913 1063 1049 998 3458 1844 3410 3335 3283 1077 3270 1037 1067 2571 1857 3336 3326 3410 3314 2599 1840 1033 3294 3488 2556 1007 1060 2642 3338 3338 1057 2917 1836 1040 3329 3311 1040 3189 1869 3348 3348 3328 1007 2616 1877 1068 2972 1047 2633 3271 1727 1856
1028 997 974 3027 3392 2667 3303 3290 3327 1030 1034 3416 2948 3322 1064 2931 1032 1012 1003 2678 2543 3294 3335 3289 3323 3355 1028 2645 1043 3353 1034 999 2879 3461 2678 1061 1877 3364 1838 1824 3403 1864 3324 1050 1073 3354 2928 3286 2684 3342 1853 3338 3393 1011 3375 3438 1117 1822 3330 1847 1812 1854 1094 3221 3358 1890 1917 938 3277 1018 2695 3352 969 2584 2596 1031 3342 3303 2753 3269 1081 3490 3369 1913 3358 3323 988 1852 2594 3261 3386 3406 3247 3291 3399 2620 3319 3382 3402 993
1014 1846 3277 2559 2579 3422 1826 1095 1046 1037 2691 3323 2551 2652 1071 3357 3326 3387 1058 2642 3317 2614 1071 999 1007 1044 1849 1076 1822 2636 2577 3353 3434 981 3370 1041 3418 3282 3332 2666 1081 3365 1083 3224 3355 1003 1047 1071 2543 2632 1887 1759 3413 2667 3372 1842 1058 1911 988 3304 1067 3370 3412 3253 1005 1831 2713 1781 2992 2717 3245 1858 2719 1891 1059 1028 992 3344 3348 1056 1070 1872 3451 3425 1042 1716 1834 1086 992 3261 2628 1833 1070 1007 1067 1866 3336 3440 1783 1057
1047 3321 1784 1875 1049 1039 1036 1030 3317 3325 2676 3268 3285 3296 3350 1863 2953 2998 1026 3228 2601 1082 3211 1042 2619 1908 2634 2730 1013 3050 3344 1054 1047 1075 1822 3329 1042 3378 1795 3375 3171 1823 3363 1054 1770 2640 1845 1834 2616 1038 2694 1793 3338 3364 1017 1029 3299 2665 3247 1081 1774 1025 1832 3311 1074 1802 1040 3349 3305 3331 982 3394 3350 3434 1831 1060 1034 1857 3423 2547 2619 1737 3408 3304 2654 1087 1031 2578 3274 1003 2989 3376 1023 3243 3409 3344 1803 1025 1832 2574
1058 1834 1847 3009 3327 2550 1768 2598 1052 3382 1773 1029 1022 3373 1094 3273 1056 1108 2617 1000 1059 1930 3275 1888 1062 3365 2610 2659 3318 1009 3337 3328 3386 3274 3319 1047 3274 1067 2545 2655 1886 3268 3452 2531 1027 3367 3413 1017 2647 3349 1048 1785 1071 3362 2617 3321 1020 3342 1060 1059 3386 2562 985 2589 1090 979 3314 2666 3363 1007 988 2684 3298 3334 3424 3324 3347 3231 1792 1766 1084 1055 976 3273 1805 3474 2583 3334 1026 1111 2980 3377 1030 3371 2595 2682 1100 3260 1030 1090
3367 1026 1803 2911 3337 3334 2700 996 3291 3250 1790 1831 3335 1003 3386 3296 1925 3332 2613 3309 3316 1038 1862 1874 3252 3350 1026 1028 3356 1060 1044 1014 2545 2649 1023 3249 3292 1753 2588 1070 2608 3304 1043 1862 2583 1115 1051 3362 3287 3329 2709 2600 2687 1013 2609 1866 967 3306 2527 1016 3328 3433 1791 3408 3249 1079 1007 2620 3283 2638 3419 3367 3327 1048 1830 2710 1760 1036 1830 1771 3301 1033 2695 2599 1069 3278 1106 1067 2593 2604 3334 1104 1112 3419 2688 3402 3344 2855 1004 989
3409 1845 3294 1048 3426 1859 3334 1841 3250 3341 3374 1029 1010 1090 2686 1017 988 3290 2524 2638 2920 1794 1077 2624 1031 1808 1054 3416 1034 1867 1051 1032 3392 1081 1057 3365 1070 1064 2643 3443 994 1079 2676 1821 1039 2584 2984 1029 1835 3299 2672 3237 3358 1065 3436 2628 1083 3276 3302 3354 1831 3300 1857 3307 3433 3327 2603 3353 1042 3356 2546 3388 2639 1029 1808 2590 1050 3345 1121 3339 968 3404 2561 1827 2934 2566 1030 1096 2662 1022 3370 3337 1887 2608 3429 3452 3360 979 3342 997
2579 1088 3415 1839 1057 1023 2648 1808 1883 3308 2676 1027 2921 1816 1022 1044 1043 3470 2600 2667 3367 3328 3333 3412 1028 3324 3384 3310 2583 1009 1016 1017 1118 2604 2627 1006 1845 1063 1775 3255 2713 1036 3370 2950 3372 3307 3395 1864 1046 1024 2702 3364 1026 2625 3347 1106 3299 1037 2986 1854 1071 3355 1055 3258 3468 2922 1776 1882 1085 2668 2928 1934 2617 1820 1059 3335 3357 3357 3262 1041 2617 1026 1790 3301 3330 3409 2566 1042 3372 3292 3013 3384 3333 1012 995 3379 2683 3392 3403 3344
3372 1061 1858 1847 1014 3385 983 1032 3343 1792 3345 3303 2676 1046 3273 1040 2644 3196 1044 3374 3386 1030 3426 3324 2569 1071 1768 3388 1118 3372 1057 3324 2609 3369 1089 3313 3283 1042 3342 3412 1904 2596 1042 1746 1085 1061 1849 2988 3363 3380 2732 3523 1886 1097 3300 3278 2582 3297 1098 1070 1004 1774 3453 3369 3361 1824 1084 1061 1066 1002 3276 2692 3391 2586 3293 1030 1054 2846 3375 3418 3270 994 2501 1824 1837 1097 2923 3367 1877 2613 1787 2968 1069 989 1022 1000 3310 2616 1856 3264
1026 2593 1026 3240 1013 3339 1831 1064 975 2988 3273 1017 1880 3399 3347 3288 1809 3344 3338 3263 3381 3299 1893 1082 3333 3340 3354 3383 1053 3336 1830 987 3232 3408 1018 3388 3352 1121 3313 3235 2603 1877 3327 3298 1065 1830 2934 1064 1857 1007 1001 3319 2616 1822 1066 1058 2633 1039 3380 1043 1831 3302 1773 2570 3308 1018 3316 2606 1089 3268 1833 3360 1033 1063 3375 3338 3302 1052 3339 1071 1814 1034 3322 1033 2621 1027 3334 1077 3345 1006 2621 3410 1072 2536 1053 3406 2621 2687 3306 2662
3275 3392 1856 3283 1001 1062 3006 3308 1854 2614 2579 1031 3339 3366 1030 1888 2663 1058 1133 1049 2654 1020 1059 1014 3266 1028 1010 2655 3385 3259 1049 991 2901 1785 1052 1792 2954 3267 3392 1076 1053 1061 2581 1758 1835 998 1068 2688 1755 1043 2602 1062 2568 1825 1076 990 2641 1017 1104 3292 1809 3356 1853 1760 3327 2620 1073 3428 1056 1045 1045 2946 3045 1820 3397 3421 3340 3297 2650 3415 1045 3311 3298 2955 1022 1731 974 1092 3323 1794 1005 3322 2669 1821 3394 3340 1812 3314 3283 3307
2621 2685 3298 1054 2874 1787 1028 3304 3357 2622 1799 1851 3358 3310 2685 3317 3302 1799 2947 2680 2599 3463 3225 3369 987 1054 3276 1809 1089 1001 3366 1066 3343 3298 1014 3387 3257 1876 3344 1028 3246 1064 3432 1774 1070 3351 3406 1756 2623 1031 998 1081 3309 1031 1823 2501 2908 2636 2963 1871 2859 1846 1823 3351 2660 1891 3316 3295 1863 3303 1064 2634 2975 2624 3253 1008 2844 2532 2572 3256 3307 2925 2876 1021 2568 1775 2621 1030 1039 1042 3274 1789 1077 3393 3277 1893 3343 2587 3414 3328
1046 3387 3358 1867 1814 2664 3395 1029 1890 3453 981 1011 1834 3306 1029 1046 986 2601 3271 2940 3375 1001 3334 1867 3329 3386 993 2596 2956 1022 1892 1011 3293 3285 2702 999 3404 1818 1813 1008 2896 1083 2609 1830 2708 3366 2997 1860 3428 3381 2603 1049 3353 3289 3304 1077 3372 1017 3315 1798 1828 3289 1000 1847 3374 1863 2658 1066 3296 3337 3019 2626 3358 1833 3363 1058 3316 2599 3343 3330 1069 3369 1785 2631 1830 1843 3279 3212 1073 1809 2563 3462 1061 1070 1038 1055 3415 1776 1798 3285
3226 3334 1056 3319 3326 2657 1028 3345 2557 3328 1056 3391 3317 3274 3071 3351 3335 2622 1907 1065 1031 1049 1099 1118 3452 1058 1012 3030 1019 1059 1053 2714 2642 1842 3070 3285 2494 1104 3253 1035 2969 3388 1091 2539 3296 1845 1074 1033 2579 3440 1802 1060 1043 3335 1828 2586 3245 1021 1039 1060 3275 2603 3179 1020 1879 979 995 1817 2649 3281 2631 1098 3319 998 983 3361 1018 3289 3390 2603 3390 1099 3301 2541 1751 2591 3304 1074 1076 1029 3356 1862 1809 1017 1028 1016 3440 1071 1888 3386
2982 1040 1031 3405 1818 3335 2643 1067 1827 1813 1081 3263 2574 2534 1072 3521 1034 2603 3455 1813 989 1029 3393 2585 2578 1056 1014 1023 3329 3265 2571 1840 3301 1055 2628 1007 2537 1844 1021 1012 3304 2633 1054 1053 3356 3337 3343 2601 1715 1060 3367 3365 3388 1008 1019 1018 3287 1812 1788 3348 2614 3327 3290 3206 1846 1033 1063 1053 2630 1871 3319 986 1004 2625 3359 997 1037 1086 1056 3399 2585 3341 2443 3311 3307 3329 3046 1873 3421 1072 3382 1798 2700 1066 3334 3316 1833 3263 3278 1834
3398 1025 1090 1822 994 3290 3367 2990 1030 1800 2569 3313 3350 1070 2658 3262 1024 2561 2675 3322 2659 2624 1053 1029 2907 3358 2581 3410 1032 2522 3356 3377 1057 3303 1095 1030 1882 3288 2601 2605 3365 1064 3378 1070 1039 1023 1051 1067 1827 1037 3341 1772 3288 1900 2600 2567 3357 1045 1885 3388 1016 2605 2951 3382 2535 1053 1809 3413 1042 3334 1860 3448 1835 1029 1019 1831 3324 998 1106 1040 3427 1863 1035 3358 3365 3338 3403 3424 3283 3391 1863 1002 1886 3354 3324 2872 2665 1065 2638 3263
1041 2990 1017 991 989 3279 1072 3318 2694 1783 1809 1860 2596 1042 3358 3315 1766 3323 1843 3419 1043 3305 2901 2634 1897 1785 1000 1015 1822 1010 3362 3448 3314 2912 1842 1010 3326 3351 1066 2598 3256 3318 1077 3363 1059 1058 3347 2607 3268 1035 1854 1854 3381 1814 2601 3340 2887 2655 1898 1034 1892 984 3432 1009 1765 1002 3393 1040 3372 1049 1825 2809 3312 3330 3261 1889 1841 1088 2571 3357 3377 3298 3389 3345 2672 1028 3360 2580 2741 1047 1030 3328 2664 3271 3312 1749 2982 2539 3373 3330
1850 2733 2612 3372 3262 3404 1000 2630 1025 3275 3262 2954 3398 2601 2618 3317 1826 3384 2540 3358 3298 2627 997 3403 1036 3317 3238 2674 1786 3377 1038 3266 1051 2625 3260 3318 1086 2641 1057 2901 1017 3368 2652 2910 3330 3358 3293 2551 3322 1019 1071 1785 1090 1824 1022 1006 2515 1029 3339 1056 1069 3298 987 1871 1011 3302 3392 2504 1036 1051 3340 3328 2670 1043 1027 3353 1843 3276 1030 3348 995 2642 2552 1024 1863 2890 2604 3390 1043 1070 3292 3384 1036 1870 1874 1051 2640 3276 2938 3286
3352 2529 1055 2701 3326 3384 1073 3378 1899 3351 1046 3333 2575 1839 3407 3373 2637 1030 1063 3274 3386 3351 1053 3339 3432 2643 1856 3458 1797 1087 2643 975 3332 3318 1072 3304 2634 1032 1877 1044 1100 3393 1079 1844 1846 3342 1073 1678 1902 3252 3249 3468 985 3022 3438 1897 1806 2525 3243 3340 2658 3323 1061 3272 3168 3346 1083 1019 1016 1855 1049 1814 1062 2585 3349 1086 1799 3413 3346 2969 2665 1036 1891 1063 1817 2597 3402 1070 3250 1857 1797 3298 1845 994 2977 1073 1057 2907 3300 3290
1019 2605 3370 1073 3339 1004 3296 3394 3452 2889 2618 1060 3370 3336 3385 1856 1108 3394 3368 2647 1070 1796 2711 2548 3357 2700 3231 1851 1018 3426 1041 1822 3310 3355 991 2569 1830 2603 1886 1034 1875 970 1868 3375 1809 1088 1836 3298 1056 1040 1834 2597 1032 1862 1782 3346 2926 1064 1909 1063 3353 1072 1819 1042 3296 995 3352 3382 2606 2599 3394 1083 1841 1025 1107 968 1014 1035 1068 3337 2516 3397 1803 2619 2698 2602 1829 1072 1074 1079 1792 1071 1038 999 1049 1050 2579 3374 2685 1879
1060 1853 3406 3276 3294 2660 1038 2685 1769 1003 1869 2920 1022 1829 1775 2670 1872 3332 1081 3394 1001 1075 2662 1021 1846 1079 985 1048 2660 1832 3311 2586 3274 1037 3373 2599 2671 3369 1070 1865 1055 3252 1848 3312 3232 989 2972 3411 3028 3332 1845 2564 953 3395 2639 945 1797 1072 1050 3342 3288 1828 3348 1026 3332 1079 1807 2623 983 3386 1033 3035 3496 3339 1061 2912 3213 1072 1024 2667 1070 2952 1025 1826 3393 1801 3344 3424 2565 1876 1073 3335 977 3435 3349 1810 3318 3317 1821 3369
3341 3308 2936 3060 3359 3307 2682 3367 1083 1054 3371 1052 3253 3470 1787 3355 1102 3391 3326 3311 3355 1866 1046 2533 2690 3274 3344 1015 3361 2660 2625 1052 3517 1782 3329 3399 2948 1852 3378 1005 3274 3431 2622 3412 1004 1054 2615 3344 1791 1037 1049 2632 1833 2810 1052 3416 1071 3347 1005 2629 3227 1113 1782 3413 3335 3378 3311 2500 1855 1814 1073 1077 1071 3305 3354 1827 3320 1045 1003 3421 3373 2551 1046 1076 3335 1027 2614 3299 3353 2697 1017 3321 1831 1043 3339 2604 3411 1045 2536 1884
3306 1001 1827 2618 1740 3399 3424 1881 1041 1012 1035 3301 1040 1083 3256 3415 3320 1869 2703 2608 2544 1853 2747 1081 1057 3341 1006 1866 2709 3382 2614 1074 2642 1104 999 2581 3300 1000 3312 1792 2667 3322 1007 1026 2919 2668 2650 3354 3391 1860 1048 2598 3294 984 3295 3403 1814 3361 1886 1825 3396 2463 1818 3354 1830 1026 995 1031 3406 1062 3419 2573 3472 3315 3340 3400 3304 3340 3293 1004 1033 3378 2996 3317 3428 3306 3294 1764 3333 3301 1012 3365 1051 3278 1041 1054 1025 1855 3390 2679
3333 2966 3286 1785 3223 3301 3395 971 1029 2605 3019 1801 3282 3241 1790 3334 999 2693 1028 2590 1016 1865 3342 1060 3350 973 3407 1043 1014 3394 3329 3332 2945 1028 1072 2646 1058 3273 3418 3366 1066 3335 1078 3395 1794 1812 3355 1066 2663 1074 988 1914 2581 3368 3436 3281 1044 1076 1822 1012 2547 1948 3392 1086 3369 3018 1025 3274 1857 2594 3340 2938 1052 996 1000 3441 1076 3374 1036 1827 2584 1058 3332 3003 1070 2601 1063 2621 2652 1012 983 2698 2652 984 3384 1017 2598 1078 1028 1912
3351 3044 2539 1838 3419 2943 3293 3258 1040 986 1006 1065 1041 3399 3276 3294 3350 1004 1118 2557 978 3352 1068 3417 1052 1807 2697 1032 3301 1043 1009 3273 2605 3343 2501 1110 1834 2686 1031 1076 990 975 3417 3426 3375 1810 1834 3282 2563 3339 2938 2515 1039 2560 3277 1076 2624 2554 2880 2589 1115 3328 1810 1844 1067 3409 1067 3286 1059 3010 2609 1062 2667 959 1024 3351 3317 3322 1103 3356 1114 3282 1069 1010 3284 3361 1843 1012 1005 3336 3397 3361 1803 1768 1767 3225 2718 1032 3342 1018
1847 986 3390 2657 994 2503 1024 1817 1021 2628 3388 1041 3314 977 991 3393 2556 1807 3255 1007 1046 3040 1014 1042 1042 3301 3370 3253 2544 1051 1070 1126 2549 3367 2601 3429 3329 1072 2612 2591 3326 3386 3309 1032 1045 2635 3363 1792 1850 1854 3238 1724 3420 2586 3262 2738 1063 995 1032 1051 3300 1025 3299 3384 3311 1013 2609 3460 1012 1064 1820 1052 1052 3386 1839 1805 1806 989 2617 1049 1848 3333 1846 2610 1066 1883 1038 2683 3350 1042 1799 1785 1035 2920 1809 1062 3366 1069 1068 3349
3380 1106 2610 1007 1034 2958 1027 1891 985 1918 3313 3352 2645 2999 3389 3440 2674 2982 2686 1051 1037 1027 1018 2560 3398 3345 3336 3378 1823 1035 3317 1051 1030 3272 1027 1015 3264 3245 3239 1025 2530 3419 2578 2648 3314 1783 2914 1046 3318 1084 3367 1008 3453 1000 1044 2567 1789 3481 3281 3368 1853 1024 1033 1048 992 1039 1874 3376 1067 3079 1882 3421 3325 3260 1016 3391 1069 1040 3290 1087 3413 1103 1828 1811 991 3369 1788 2644 1830 1021 1854 1797 1851 1039 1013 3312 1051 1013 1869 3355
1067 3392 1809 972 3314 2637 3284 2965 1861 1053 1037 2585 3360 1022 3269 2599 1853 1814 1014 1082 980 3329 2645 1049 3490 3416 1823 1085 1087 2665 1045 3248 3357 2600 3380 2581 1831 1822 996 3221 2588 1843 1062 3438 3351 3432 1035 3286 1945 3383 3233 3295 1060 1044 1818 1842 1032 1862 1015 3347 1839 3310 3286 3369 1084 3298 1031 1014 3292 1807 2868 3236 3232 1881 1858 3292 3349 1077 3448 1060 1059 3376 3353 1829 3374 1094 1870 2601 1828 1821 1039 3390 3248 3323 3293 3405 3299 1065 3370 3275
3353 1023 3303 3360 3379 2580 3360 2658 1002 3225 3225 3297 3317 1093 1033 3314 1029 3359 2615 1077 2536 1100 1038 3404 3174 2575 2632 2645 1102 3358 1080 1043 3371 1049 1010 988 3375 2976 2963 1818 1063 3318 2654 3277 982 3352 1013 2893 3348 2897 2675 3274 3367 2623 3280 2561 1067 1811 1866 3039 1071 1913 3315 1874 1861 1017 3002 3289 2659 2633 3298 2609 3315 990 3379 1858 2886 1085 3430 3327 1004 3359 1088 993 2613 3323 1070 3354 2620 1052 1897 1005 1870 3304 2644 2856 2553 1835 2627 2649
1828 1848 1044 3422 1013 3287 3421 1009 3383 1060 3302 1913 1853 1028 3375 3282 1891 3326 3171 1831 3261 1035 2991 3390 3409 3043 3282 3271 1061 3418 1043 1827 3335 967 3310 2693 3206 1824 1043 3313 967 2620 1046 1066 1081 1047 3273 3256 2595 3313 3438 1080 1850 1833 1001 1017 3319 1775 3305 1025 3372 3320 3353 3288 1078 3427 1882 3286 1905 1056 3354 1873 3337 3426 2547 3259 3292 3340 1060 1071 1809 3321 3361 1811 2611 3251 974 3367 3383 1855 3174 2638 2573 2678 1039 1003 3294 1845 2547 3321
1062 2668 1871 1874 3363 2606 1819 1018 3432 3192 2626 994 1787 3289 1829 2640 1008 3333 1876 1039 1036 3331 1028 3244 1865 3352 1763 1795 3259 3356 3330 3326 2938 1031 3329 3399 1002 3306 3270 1743 3351 3469 1016 3274 1023 998 3278 1068 1038 3370 1075 1901 1028 982 987 1789 1036 1061 1047 3333 3333 3339 1075 1039 1852 2605 1039 3286 3406 3388 3314 3369 1098 1007 1749 3301 3281 3377 2968 3357 1006 1085 3254 1048 1033 1012 3367 2682 1013 1041 3287 3277 2562 3209 2627 3309 3293 3321 1076 985
1049 1743 3280 3353 3249 3409 971 1762 1026 3363 1843 3377 3306 1048 1098 3380 3395 3300 3315 3342 1015 1883 2905 2723 987 1854 2640 3191 1796 2677 3392 3288 3361 1081 3253 1818 3427 3329 1060 1856 1020 1858 2971 1797 1879 1053 3329 3236 2590 3341 1017 3295 1089 3343 3422 3361 1065 2613 2695 1796 1030 3308 3312 1009 2519 3343 1086 2586 1046 3409 1815 1881 1016 3462 3455 3358 988 3072 3358 1040 3401 1062 3349 1070 1013 1856 1023 3231 1101 994 2662 3343 3276 3272 3291 1045 1023 3339 1000 1056
3257 3364 1074 1026 3390 3340 1074 3356 1873 2904 1938 1064 3429 1033 2583 3322 1894 989 1118 1089 2581 3309 3248 1786 1064 1792 2634 1879 2580 1087 1851 2664 1070 1062 1019 2933 3359 1058 1010 2860 3313 1070 1008 1041 1859 3321 3327 3424 1818 2636 3408 1029 2506 2577 3434 3303 2848 1065 2630 1828 1826 2585 2620 1845 3302 1045 2569 3048 3389 3382 2497 2649 2665 3389 1889 1063 1056 3297 3463 3272 1012 2603 2661 1862 3320 3295 3326 1790 3397 2633 3344 3320 1835 1062 1807 3335 3237 2589 2592 3274
2500 3263 2668 1056 1025 3328 1879 2680 3351 1016 2667 1820 1866 1850 996 1845 3284 3342 1836 3458 1047 3344 1010 2658 3430 1086 3340 3365 3266 3388 997 1881 3360 980 3277 1801 3315 1005 2679 2938 966 990 2648 3361 2656 2588 3386 2616 2919 1070 2599 2585 1034 3380 1033 1909 2649 3398 2683 3410 1011 1863 1061 3277 3251 2558 1062 1907 3369 1046 3299 3274 3390 1792 1856 1050 1054 1828 3244 1904 2577 1041 3312 1070 3142 1056 1030 1059 3344 1873 1812 3367 3317 995 3209 1051 3293 3364 1057 1018
3257 3335 3270 3410 1849 3264 2583 3340 1071 2655 3410 1036 3337 2631 3353 3320 3337 2633 2644 3262 3425 2635 3305 3342 3283 2585 1053 3330 1801 3031 3375 1828 1778 3363 3323 3373 1048 1797 3275 3435 2565 1106 1040 2879 2587 1910 2676 1005 1032 1040 2642 3345 3458 1055 3366 2548 1039 1117 3335 1061 2873 3324 3355 2699 3332 2740 1873 2692 2666 3495 1021 3295 1730 2547 1075 3242 1039 3297 1018 1013 2637 1032 3324 3319 3219 2927 1011 2669 2683 1075 1828 2622 2610 1025 2657 1022 3281 3393 2591 1769
3328 3265 2604 3275 3298 3274 2613 1032 3408 1044 1867 1062 3483 3391 2667 2658 1063 2665 3283 3270 3403 3428 1067 2620 1032 3241 2668 1769 1886 1030 1836 2585 1029 1018 1860 2649 1058 1064 2774 1040 3421 1925 3061 2650 2534 2946 2630 3310 1791 1026 1752 1880 1798 2629 1072 1768 1803 3396 3314 1785 1025 3417 991 3000 1040 1851 3412 1061 1925 996 1041 3350 2614 1040 2665 1071 1760 2705 945 1861 3472 1004 3292 3331 959 1823 3373 2625 2669 996 3378 2612 3452 1868 2697 1039 1031 3426 2700 2693
1885 1858 1843 1793 1071 1071 3321 3299 2542 3338 2621 3415 1063 2573 3397 1029 1057 3341 3363 1887 1065 1778 1832 2666 1015 2689 2604 1038 1063 2941 1079 3435 2652 1076 1796 3430 1822 3351 1033 3316 999 3388 2615 1762 3408 2539 2628 2633 1104 1005 1796 3014 3291 2652 3281 3024 1048 3405 3362 3274 1034 2755 3333 3488 1016 1935 3390 3255 3364 1807 3300 1017 1035 3380 3433 2630 1805 1005 3283 2631 3376 3394 1857 1028 990 1813 1132 3329 3380 3400 2559 1022 3385 2553 2661 2560 2616 3301 2677 1031
1030 2715 1764 1924 3243 1824 1061 3333 3370 999 1041 3387 3008 3045 3040 2477 1007 1057 3289 3411 1116 1843 1016 1031 3364 2615 3432 1851 3329 999 3290 3367 1909 3294 3307 2590 3305 2590 3325 3363 949 3052 2592 1048 2633 1732 3337 1023 1029 1064 3399 3082 1131 3352 2693 1039 1791 1850 1015 1030 2622 2540 1749 3392 1861 1022 1811 2610 1809 3287 3384 1815 2547 1894 2597 1101 2580 3279 1040 3285 2636 1021 1021 1937 2903 1003 3329 2554 1057 3321 3151 999 3202 2562 2655 1021 1010 1041 3242 3382
1911 3360 3358 2938 3373 1095 3242 1005 1827 3257 2612 2624 3296 3354 1029 2548 1918 3353 1914 997 2663 2913 2616 1064 2605 2593 2585 3364 1798 3083 3196 1013 2614 1815 1076 3349 1883 3443 1811 2655 1874 3349 1844 2784 2904 3382 2587 3324 1085 3329 3394 3302 1040 3330 2974 1042 3270 1788 994 2649 3347 2646 2611 2670 2579 978 1028 955 1042 3358 1075 1848 2593 1753 1770 3290 3374 1801 3334 1846 3324 1782 3337 2652 1022 3352 1098 3408 2586 3314 1730 3367 2634 3323 3412 1097 1873 2620 995 3211
1038 2574 3176 3312 979 2678 1892 3351 3197 3331 2558 1898 3356 2835 1070 2634 2511 3287 1082 1799 3257 2606 1090 3227 1037 1101 3399 3425 1835 1031 3272 1092 1028 2644 2560 1854 1777 1035 3365 1058 3349 3360 1847 3349 1812 3322 3299 1006 1039 3322 1046 1045 1842 1933 980 2625 1878 1061 3279 3339 1845 1073 3356 1049 1068 2646 3198 1051 3345 1054 3375 2496 980 1017 984 1754 995 3236 3329 3452 1061 1040 1058 1823 1033 982 2620 1024 3378 2530 2551 1842 1799 1858 1062 3351 3294 3428 3308 3364
3279 1801 2886 3318 2742 3275 1054 3320 1093 3400 1084 3414 1040 3356 1867 3326 3312 1023 1841 3312 984 1008 2511 3360 2686 3048 1782 2628 1792 3361 3341 1018 1009 1052 1057 1734 3318 2602 1841 3358 3065 2654 1024 954 3376 3398 3376 3301 1035 1025 1059 3340 1021 3380 3038 3340 1083 1778 3244 1046 2560 1821 1056 1844 1773 973 3275 1822 2687 1027 1874 1079 2655 3361 3387 3323 1865 2655 1010 1033 3198 1784 1008 2605 2611 1043 1082 2703 3310 3371 3275 3370 3232 2597 1115 2634 1820 1113 1032 3388
1915 1068 2547 1030 3068 1005 1006 1040 1880 999 1040 2582 3327 3241 963 3324 1103 2594 3435 3397 1033 996 1830 2665 975 2509 1847 1004 2854 1906 3387 1044 1028 1043 1045 3280 3306 3327 3328 1736 2604 3308 3362 2605 1865 3332 2766 1038 1040 1042 3478 3344 2930 1068 1028 2636 2588 2653 3289 1872 2670 3307 1039 3362 1112 3247 2569 2623 1791 2605 3383 3372 1902 1802 1062 1102 3276 1047 1803 3292 1042 3334 1099 3399 3359 3263 3392 3364 2641 3264 2612 2598 2605 1058 2594 1070 3290 1071 1047 1050
1797 1762 1051 2554 1933 3345 1028 3329 1780 3376 1042 3443 3397 3443 3325 3471 3360 1845 2574 2694 972 3304 1808 1016 1025 2896 3386 1860 3432 2670 3467 3332 1873 1830 1047 1035 2587 1040 3363 2870 3406 1088 1872 3365 3342 3434 1006 1029 3395 1049 3305 3265 2990 1852 1007 2551 2707 1760 1049 3299 2662 3301 1071 2630 1104 1063 3319 3369 3383 1889 1814 1877 3307 1901 3306 1013 1050 1076 3442 2640 1004 3302 1825 2931 2621 2918 3290 1108 3385 996 2602 2564 2618 1763 2923 1822 3375 3386 2656 1875
3327 1043 3243 3336 1035 1824 1005 1858 1072 2896 1092 3382 1786 3350 2673 1041 1831 3212 1834 2620 3367 1839 2544 1812 975 3292 1047 3365 974 3361 3324 999 1066 2545 3294 2577 3374 1807 3321 3316 998 3317 3413 2587 3389 3442 3422 1874 1056 3366 2678 3373 1045 2659 3314 1028 1040 1051 3364 3310 1951 1028 1094 3306 1887 2920 1045 1835 3409 3368 979 1799 1040 1063 1010 1056 3497 2583 2630 3356 986 1902 1034 1885 3316 1804 1071 1027 3335 1080 2896 2869 3345 3225 2551 3341 3335 3368 1772 1813
1722 3304 3263 1012 3263 3251 2657 2880 3342 3331 3370 2682 3410 3359 2717 999 3308 3424 2524 1072 3337 1037 1018 3279 3347 1871 1014 1051 1063 3347 3334 2637 3380 2602 2571 3373 3366 967 1811 1033 3283 1840 1017 2578 1045 2670 1894 1040 1048 1038 3243 2630 3450 1050 2551 1897 1016 1079 1862 2596 2640 3378 1035 976 3289 1046 975 3404 3317 1832 1836 2513 2600 1011 3409 1763 1034 1008 1892 1016 1075 1023 3358 3383 3335 2649 1053 1034 964 1911 1841 1806 3350 3286 2595 3378 1040 2639 3305 2611
3313 3413 1041 3298 2665 3292 3392 2941 3355 1044 2611 3285 3367 3405 2663 1760 2580 1061 3335 3440 2643 2657 1039 1046 1007 3300 994 1815 2586 1824 2654 1080 1102 1066 988 3345 1825 1022 3408 1778 1042 3309 1878 1763 1030 3385 2608 3319 1049 3372 1823 1032 1718 1844 1016 3354 3316 3302 3423 991 3287 2667 1168 1036 2565 3316 1000 3417 3337 1806 1884 2648 1034 1850 2912 3028 3430 3298 3002 1027 2608 2842 1790 1031 3461 1110 1833 1819 3336 1054 2667 3295 2535 2585 3252 3188 3361 1791 1800 1804
2639 3320 1035 3300 3462 3384 2890 1000 1793 3245 3315 1778 1007 1850 977 3297 1059 3385 3432 1875 3351 2548 3446 1020 1860 1004 1027 1849 3390 3342 2661 1022 1047 1058 3237 1007 1038 1037 1069 1048 1884 2987 3476 2577 1888 1791 1776 1087 1113 1774 3315 1050 2585 1854 3413 2492 3383 996 1051 1044 1009 3336 3298 3334 3310 3457 2589 3363 1766 1072 3270 3320 1860 1858 994 2559 1064 1032 1031 1025 3347 2574 3332 3426 3396 1053 3427 1014 1035 1066 1037 3309 1860 1802 1058 1791 1851 3373 3280 1046
3418 2575 3344 3290 1091 1044 3234 3310 2653 3282 3214 3319 3303 1837 1897 3287 3276 1811 1039 3252 3398 1839 1059 1014 3306 1004 3457 3273 2579 1054 1024 2899 1014 3405 3378 2886 1855 3321 3419 1038 1744 2686 1026 2634 2623 3350 1038 3351 1836 1078 3328 977 3293 1813 1843 3405 3388 3280 3367 3326 3309 1035 2642 2741 3353 2619 3214 1040 3405 3354 3465 3276 3313 3298 1021 1759 1822 3282 1812 1043 3240 1038 3222 3269 3325 3359 2649 2567 3400 1036 1783 1063 3227 2487 3398 1865 2575 1018 2628 1020
2665 3315 2644 3308 1006 1031 3326 2978 986 3378 3398 1857 1043 1067 972 3385 3374 3354 1929 3286 1084 2667 1071 1796 1064 3238 2982 1047 1082 1884 1008 2911 1836 3257 1060 1021 2566 3304 3404 1932 1041 1004 1065 3305 3352 1034 3345 3332 3430 1889 3309 3312 1789 3358 3272 1013 3340 1927 2660 2715 1834 1059 3433 1100 1065 3368 3347 1810 2509 3299 3301 1053 3250 3341 2673 1791 2736 1073 1001 3319 1054 3282 2592 1024 982 1109 1885 3354 3274 3199 1024 3046 1802 1041 1099 1022 3448 2631 3347 2695
2916 3313 3374 2627 1847 1112 1042 3447 1847 1011 1874 3467 1824 1823 2583 1841 2530 3480 1045 3436 3361 1079 2595 1856 3284 2542 1095 1021 1775 3322 1066 2588 1853 3470 3414 1834 3392 1000 997 3337 3370 2663 1876 1024 1042 2519 3427 1038 3326 1058 983 2611 1750 1762 2651 3228 1881 2589 2902 1811 1782 3375 3260 1038 1841 3222 1843 2663 1000 2967 1041 2601 3383 2606 981 3289 1934 1822 2733 3298 1067 3311 3305 3387 1068 986 1030 1054 3340 3334 1845 1001 2545 2649 3456 3352 1020 2670 1029 3237
3377 1033 1828 1072 3324 2600 2972 999 3262 2961 3289 1895 1869 2631 2652 3281 2630 3371 2654 1068 2632 1015 1830 1037 1010 2630 3275 3289 3405 1834 1884 2691 3302 2671 1018 999 1003 3302 1052 3271 3286 2544 2966 3351 1872 3332 3055 1059 3422 1143 3406 3325 3302 3451 3252 3269 1073 2685 1041 3211 1884 2646 3035 2954 3453 1817 3318 3383 2683 1041 987 3389 3389 2627 1810 2588 1024 2548 2649 3285 1112 1846 3377 3364 1810 1842 1000 3404 1007 3019 1784 3262 3366 3329 1092 2557 3422 2624 3447 3340
3333 993 2619 1052 2690 3348 3437 3365 2521 2663 3313 1888 3364 2553 995 3278 1052 2640 3252 1857 3358 2969 2698 2605 3318 3328 1823 975 3404 2581 983 2645 3275 2646 1060 2564 2630 1809 3248 1050 1007 2665 1029 1018 1799 3405 1012 3308 3414 3258 2605 3338 1066 2632 3308 2509 1067 2518 2608 2570 3298 1013 2642 1076 1849 3396 1022 1055 2643 1040 2596 1863 1071 3220 2659 1044 1911 1731 1041 1082 1034 3370 994 2969 2985 1056 3294 3362 1047 2626 2641 1885 3359 3322 1866 2952 3303 1786 1022 1863
2623 3303 1913 1056 1789 2585 1044 967 1756 3351 3384 1086 978 3377 3290 3307 3274 3422 1865 3413 2591 2524 2918 3314 1807 1833 1863 1020 3379 1049 1023 1027 3262 2695 1801 1716 1115 1841 1109 3309 1044 2537 3243 995 1847 1066 3315 2557 3360 1798 1046 3356 3432 1833 1955 1025 3370 3301 3342 3003 1883 1052 3248 1031 1049 2691 3398 3211 989 3258 3394 2542 1047 1875 1084 3305 2501 1080 2685 1846 1815 1010 989 1799 3004 3432 2547 3272 1018 3320 3254 1798 2648 1853 1780 1872 1026 3006 1024 1805
3284 1845 3316 1787 1793 1053 1016 2935 1044 1061 2970 2668 2994 3349 3223 1032 1070 1767 2547 1840 1810 3359 3280 3401 3316 3374 1823 1001 1044 2610 1832 3310 3315 1051 1051 1854 1060 2620 1008 3340 1068 1902 2677 1864 2649 1747 2635 2637 1038 3317 3291 2641 3485 3316 988 1135 3281 1048 3405 2703 3313 3344 2990 3352 2604 2589 3389 1013 1059 1060 1737 2619 1091 1886 1028 1785 3370 1807 996 1032 1037 1012 3379 2622 1870 3291 1057 3365 2982 3405 1015 996 1850 2613 1052 2536 1011 1085 991 1048
1041 1070 1861 3247 2620 3329 980 3362 1796 2593 1006 3339 1777 2576 3178 2635 3386 1861 1835 3365 1057 1037 1006 3345 3358 3399 2679 3315 2689 1001 3384 2693 3351 3379 2978 3301 3321 1793 1820 1804 1059 1828 3341 3351 2647 3363 2604 2585 1819 1025 3445 2636 3296 1072 1033 2591 1010 1753 3317 3392 3399 2588 1043 3418 2602 3352 2591 3390 3420 2655 1813 3439 3264 1074 3349 1824 1044 979 988 3303 1835 1010 1766 1067 1074 3310 3448 3320 3310 1851 1034 3450 3283 3354 3381 2639 3291 1787 1049 3407
3329 2650 3267 3436 1090 3296 1801 2641 3393 3418 1021 3365 1052 3294 3367 2980 3277 1072 1005 1042 3369 1826 3283 2569 2990 3331 992 1021 1017 2603 2620 2653 1084 3003 2553 3332 3361 3322 2591 1021 3367 3271 1062 3471 3319 3352 2641 1863 994 3237 1059 3423 3308 3272 980 2694 3368 1791 1857 1075 1053 1053 1027 3277 1841 2610 3339 1054 1037 977 1016 1009 3332 1051 1010 1019 1035 3384 1081 1116 1836 3317 1071 2576 3209 3221 1024 3401 3348 1048 1893 1055 2668 2672 3341 1848 975 1119 1868 3443
1834 987 1895 3371 980 1080 2959 1895 3329 1032 3269 1006 1883 1062 1794 3308 2616 3302 3280 3365 3247 2614 1082 2668 1778 1884 3377 1041 2707 3406 3000 979 3291 3370 1079 3270 1899 1921 1761 2623 1061 2643 997 3289 1020 1857 1944 1006 1023 3301 1041 2734 1002 1054 2556 1028 2546 1025 3002 3400 1051 1812 2596 1047 1037 1010 3396 3339 1009 1012 1858 1032 1721 3310 1040 3340 3260 2595 1091 3329 1042 2600 3441 1787 3310 3281 1044 1822 3300 3327 2686 1049 1008 1926 1007 1033 3243 1025 1058 1025
3324 1070 1778 1061 2617 3360 1056 984 3317 1097 1028 3324 3342 1755 3316 3014 1042 3429 1075 3321 3361 3369 1809 1873 3348 1060 1071 1022 3284 3257 3277 2616 1055 3401 1081 1062 1068 2600 3355 2649 1788 3183 3350 1043 3354 1764 1075 2563 3334 2934 2560 1078 1021 2600 2706 3452 3410 1793 2585 3133 3309 3340 3405 3333 1055 1070 1069 1048 1792 2629 3355 1829 2952 3330 3304 3406 3368 2652 3263 1046 2633 984 983 3294 1040 3345 1767 3340 1888 3286 1861 1064 1008 1013 2610 3352 2665 995 3478 2612
1031 997 3323 1041 3299 3287 3278 3307 1046 1018 1026 1822 3337 2587 3329 3019 2618 3408 1037 3298 3058 3458 3339 3359 3347 1033 3308 3323 3362 1010 1920 3414 3340 1792 2701 1043 3358 3382 1029 3342 3286 3363 2669 1031 3392 3338 3366 1762 3394 1776 1024 1029 985 1047 1047 2981 3232 1781 1073 3346 2576 2664 1872 1040 1015 3277 2641 3319 1841 974 1883 1037 1017 1039 1893 3380 3314 1824 3373 2687 1850 3341 3267 3310 3342 2574 3373 2649 2588 3442 1042 3333 1009 2664 3298 3417 1045 1850 3442 1014
1066 3359 3326 1859 3244 3381 3433 2632 3325 3413 2635 3280 2780 2691 3288 2580 1032 3368 3369 1020 1862 3363 2956 1854 3407 3430 2612 3271 1913 1849 1046 3420 3276 1779 1034 3398 1039 1045 3414 1909 2650 3334 2635 3265 1053 3338 3248 3308 3343 2671 1018 1011 3309 1863 1076 1046 1875 1027 3306 1856 1038 3286 1040 1051 3274 1905 2651 3379 3349 2525 2905 3227 2623 3310 975 1043 3372 1793 3408 1842 1801 1075 1070 1852 3405 1093 3258 1006 1784 1889 3352 2511 995 1838 1825 2657 2658 1911 3385 3470
2644 3363 1889 3254 1042 956 3354 1783 3449 1854 1002 1849 1049 3382 994 3323 2713 2947 1062 1027 3373 2626 2606 3388 3240 3351 1037 1058 2747 1784 1034 3241 2955 3207 2570 1831 976 1066 1090 1013 1877 1867 2585 2978 3402 1774 3286 2610 3341 3336 1050 3341 1903 3296 1038 3354 3252 3232 1776 1056 3274 1066 999 1856 3325 1076 1050 3393 1827 1028 968 3480 1010 1085 2634 1074 3310 1872 2591 1849 2541 2636 1771 2934 3291 1036 3350 3270 1851 1012 1065 3397 2670 3274 2679 3379 1054 2598 1864 3363
1044 1063 2603 1011 1020 3437 3270 1065 1071 1027 3339 3323 1852 1812 2574 3269 1033 2585 1814 1020 3352 1028 3406 3413 1048 1052 3403 3316 2663 2586 1057 3359 3314 3323 1902 3311 2983 3333 1099 1043 1843 3415 2557 3257 3343 1922 2677 2569 1019 1826 3358 1806 1054 3351 1039 3206 3284 3381 997 3408 2613 1063 1842 2897 2606 1114 1013 2632 2526 1895 3308 3351 1111 2705 3372 1030 1894 3327 3276 3286 3032 3408 1141 1870 3382 3373 3321 2626 1883 1815 3366 3336 1805 1042 3333 3232 995 1791 1079 1830
984 3317 1039 3256 1100 3324 3340 1035 1820 3352 3361 1030 2961 1812 1100 1853 1010 3332 3454 2615 3306 2585 3326 2590 1844 2645 3378 1045 1046 2640 1032 3311 1059 3261 2600 3288 2605 1010 2628 3283 1080 3340 2596 990 1015 3342 1871 3401 3381 2686 3306 1814 1077 1071 3310 3286 3021 2938 1012 1026 3341 3292 3359 1023 1822 2591 3381 3432 1043 1007 1001 2594 3294 3333 1041 2617 2948 3342 2556 3238 3361 3320 3306 3353 3201 1055 3360 1002 1893 1055 1886 3379 3302 1016 3224 1767 1041 998 3334 2523
2983 1783 3319 1124 1780 1089 3359 1064 3216 3343 2685 1055 1022 1841 1076 1752 1815 2697 3360 1043 2562 3367 3311 3312 1795 2596 1042 2609 3442 1032 3327 3306 1039 3370 1814 1783 1023 2588 3392 1068 2622 1040 1040 1051 1012 1041 3361 2603 3349 2566 3311 964 1068 1821 1063 2604 1035 1055 1011 2568 3320 3368 1049 2916 1009 1813 3346 3294 3302 1754 2552 3419 2657 3380 1052 1800 3034 3334 3407 1040 1072 3334 3289 2561 1837 1899 1762 2623 2954 3216 3041 3354 1816 3293 1049 3330 1054 1037 1036 1038
989 3190 1057 957 2961 2590 1835 3240 1010 3385 1012 2617 3330 1816 3320 3372 2660 1834 3241 1013 2596 2975 3314 3390 1022 2639 1038 1024 3323 1043 3346 2621 1046 1867 1057 1056 2561 1811 2610 3450 2891 1768 1046 2990 2691 3290 2972 3343 1045 1052 1045 3358 3224 1047 1874 1026 3362 2574 2587 3322 2653 3294 994 1009 1839 3434 1889 2731 1068 2583 3258 1063 1845 3292 1043 3309 3312 1845 1773 1036 1017 3244 2589 2594 1005 2562 3349 3287 2892 2582 3299 1019 2662 1861 3411 3348 3358 1079 996 2732
3215 1839 1058 958 3358 3266 3339 3032 2567 999 3284 1060 3352 1847 1836 1062 1868 3252 3277 2644 2940 3393 2562 3337 1870 2713 1833 1788 3358 1103 2644 985 3354 2895 2596 1813 1071 1846 3448 2613 1892 3290 1771 3378 2670 3357 2569 1846 1036 1880 1875 1050 2612 2963 3445 2538 3352 3358 1071 3430 1765 3284 3384 2607 1015 1015 3373 1049 1907 3543 2587 1825 3459 3328 1856 1007 2736 2980 2607 1056 3363 1019 1012 974 1020 1775 3380 2554 2562 2593 1854 1784 3302 3238 1072 3260 3213 1005 1015 3294
2937 3367 3365 2619 1036 3344 3265 2593 3342 3368 2598 3294 3319 1098 980 2920 1878 2925 3307 3322 1077 3363 3307 3341 3389 1018 3302 3296 3397 3368 3440 3347 1787 3257 979 1797 1024 2817 3387 1114 1042 3346 3371 1072 1001 2586 3340 3281 3409 3431 3393 3356 1025 1057 3325 3275 1016 1119 1853 1007 1079 3410 2673 2597 2597 1008 2596 3327 3463 1805 3346 1001 3371 1042 1115 1033 2996 2605 1053 1021 1033 3367 1863 3289 1041 1017 1056 1810 2558 1820 1769 1029 3333 1038 1105 3391 3368 3349 1837 3256
3301 1035 1818 3361 2625 1874 1027 1055 1833 1042 3034 3333 2696 1861 3435 1832 3302 3337 3398 1808 3440 3362 3341 2688 2605 2698 1798 1845 3327 2597 3414 1062 1040 3355 2639 1065 1049 3297 3314 3245 1031 2602 3287 3278 3340 1021 2726 3377 3405 3354 1055 2619 3312 1071 3316 1809 2694 2605 1051 2645 1797 3327 2990 2964 2599 3314 1072 3338 1057 1015 1071 3412 1041 3331 3324 1026 1074 1031 1067 2970 3285 3322 3301 3243 2599 2946 1081 1087 1061 1845 3463 2563 1784 1022 3401 985 2629 1108 2683 1034
3371 2982 2718 2600 3387 1844 3356 1795 2532 1026 3293 3302 3243 1104 1056 1031 1859 2603 3337 1020 970 1107 3331 2561 3365 1867 3314 994 1104 1098 1895 1074 1031 1089 2576 3222 2650 1835 1034 2571 1074 3380 1851 1081 1887 1036 1076 3323 2918 1855 3346 1058 1000 3400 2572 3372 3328 3354 3341 3445 1091 3370 2633 3312 3427 3402 3303 3297 3346 1851 3275 3304 3368 1837 3319 3250 1037 2517 3319 1107 1005 3379 1849 1060 3395 995 3328 2580 999 3420 3395 3309 3295 3243 1093 1817 3394 3337 994 1062
1046 1890 1760 2970 1055 3383 1023 3339 3279 1898 1931 1026 1010 1028 1031 1878 3338 1038 3354 1811 3333 2951 2663 1782 1794 3312 1076 1853 1031 1068 2578 1783 3293 3284 981 3471 2635 3406 3318 1822 3245 1037 1794 3216 3387 1057 1828 2615 2978 987 3370 1073 2656 3302 1070 992 3001 1042 1059 3449 3333 2592 1029 1763 3288 1828 3387 2693 3265 2543 3428 3377 1812 964 1859 3022 1040 1024 3396 3298 1040 3257 1036 3372 1863 3336 1063 2639 3320 3271 3355 1813 2670 3357 1054 3359 2868 1828 3328 3472
1048 3286 2958 2644 3285 3409 1034 1003 1049 1021 1030 3385 3283 3313 3367 1821 1046 1063 1035 3280 3359 2666 3369 3170 1849 1050 1842 1820 1879 1783 1907 3309 3361 1859 1798 1923 3377 2690 3369 1035 3317 3300 2598 994 3397 1031 3375 1044 1904 1032 1038 2571 3238 1781 3366 996 1032 1788 3205 2648 3236 3310 3332 2557 3222 1000 1030 1021 3247 995 3281 1810 1009 1061 3413 3319 1790 1751 1050 2615 3354 3285 2584 1770 3422 3436 2958 1009 3452 1054 1074 1879 2683 1059 2654 3441 1055 2616 1005 2790
1032 3383 3372 3449 3254 3270 3277 3479 1081 1038 3282 3359 3321 1021 3383 1922 3299 3299 2495 3434 3331 1015 994 1033 1028 1043 2598 1042 3349 1063 3329 1035 1806 1885 3238 1811 1847 3389 3344 1816 2584 2656 3405 2668 3411 2651 3367 1021 2584 3286 1051 3440 1061 2688 2688 3416 2612 3317 1047 1031 1005 1797 3408 1060 2614 1852 3232 1002 1066 1005 1774 1876 1817 3392 2654 1020 3317 1846 3288 1004 3320 3380 979 2615 2660 3335 1753 1035 2691 3321 1853 3357 1055 3161 1042 1769 2534 1915 2902 2601
2965 1859 1038 3358 3396 1778 2528 2771 1039 2619 2597 1037 1098 1826 3317 1079 1021 1870 3257 1756 3318 3297 1021 2594 1791 1101 1022 1028 1788 3250 2656 3273 1034 3394 2647 2654 3354 1070 1829 1014 3426 2631 3375 1805 1066 1040 2621 3372 3377 3317 1003 1089 1032 2736 1803 2559 1848 1933 1776 1014 2584 1864 1030 2588 1017 1894 1806 2656 2558 2624 1035 3350 3307 3363 2659 3349 1836 2554 1866 1813 3280 1078 3230 2586 2639 3334 3417 961 3347 968 3299 1859 1843 3322 1864 1816 1792 3291 3341 3014
1723 1822 3376 3352 3346 1045 2599 1803 1796 3404 2654 3341 3363 1074 1843 1899 3392 3349 3247 1915 1007 2628 3318 3389 1812 1007 1034 3323 3264 3320 3351 3310 981 2741 2933 1058 2698 3415 1033 1726 3264 1070 1094 1860 3369 1079 1098 3355 1843 1872 1029 3348 2666 1794 2628 978 3349 3380 3337 1049 973 3393 1047 3363 1797 1088 3372 1016 3277 3402 3425 1798 1006 3250 2539 994 2962 1049 2908 1061 3253 1036 2610 1023 3396 1015 3235 3288 2563 988 1031 2695 3322 3325 1052 1031 1001 2577 2658 3370
3277 1002 3368 3411 1801 1814 1062 1017 1925 1041 3328 1048 1896 1031 2602 973 1056 3275 1102 2594 3315 1055 1142 3286 1022 3314 3327 2580 3432 2602 2555 1800 2520 1018 3355 2616 1038 2972 1869 3424 3361 3322 2599 3304 3300 1789 1022 962 3413 1036 3349 1018 1048 1871 2610 2939 1050 2651 991 3295 2687 2567 1825 983 2559 1858 2650 2983 1049 1009 3217 2563 3332 2707 3410 1076 3306 2969 2661 1011 1045 1029 3352 3392 2939 1927 3293 3311 2662 3385 1788 2631 3281 2644 2565 1072 2558 1840 1801 3224
2675 1026 1781 3220 2602 2488 3315 3324 1777 3328 3377 3328 2571 3452 2616 1062 3403 3359 1858 1775 2635 3360 3337 1903 1120 2597 1829 1856 3399 1044 1054 1054 1044 2513 3413 3441 2890 1061 2633 2568 1023 2659 1844 3338 3327 1049 3352 3360 2675 2690 1053 1807 1825 1101 1044 2584 3275 1018 1820 3405 2678 3401 976 2929 3457 2629 3383 1128 1789 1097 1046 3281 1000 2609 3292 1810 2905 3350 3351 3374 3360 1075 2607 1816 988 1087 1833 2555 1071 3298 3308 1822 1033 1034 3275 1005 1901 1044 2645 3394
1006 1074 3320 1034 2613 3374 1102 2502 3307 1035 1046 1011 1098 3351 3129 1031 3391 2573 1015 3393 1005 3472 1839 1769 3357 3329 1040 1803 1074 2575 2647 2561 3357 3405 1034 2769 3307 1820 3293 3302 3268 1834 1010 1005 1832 1034 3316 2540 3406 3327 1078 1871 1030 1846 1046 977 1127 1006 3331 3304 1027 1079 2619 1870 1030 1061 1817 3370 2624 2643 3035 971 1067 3337 1736 1024 1075 3390 1082 1825 3024 2850 2658 3259 2958 1837 988 1024 1857 1075 2673 1801 1019 3337 1865 3212 1062 1824 1062 1020
