50 1575 1477 1244 1447 1552 1300 1523 47 1229 1580 1553 776 52 57 1466 55 1480 728 1497 1528 1588 1468 1262 1445 1500 58 1572 1431 782 37 1628 1500 1558 768 1539 1477 1614 1496 1541 50 1430 1261 1309 1462 57 1203 1511 1563 1185 65 45 1257 1590 1570 52 1423 1410 1524 1567 1478 1274 58 1231 1416 1413 1589 1612 1424 43 45 1436 1468 1440 1565 1452 1454 1231 1537 1440 1325 1473 52 1582 43 48 1542 1456 1501 55 1515 1463 1525 780 1300 680 1541 1530 1423 1394
1241 1533 1498 1475 684 1420 1289 1527 1491 1565 1222 1577 1408 1458 43 1486 1469 1238 1246 1333 1498 1196 1499 1537 1510 1452 39 1460 1493 1248 50 57 1471 1510 1462 1522 1463 1507 1419 1413 1516 1521 1214 1546 1273 1437 1473 56 1432 1470 1282 1446 1477 1482 45 1621 1428 55 1494 1505 1538 42 1445 1559 1576 1516 1212 1242 1271 1521 1559 1481 1486 53 1495 1213 1464 1590 1188 748 60 1439 1441 1239 1247 1487 1259 1455 57 1581 1398 1610 44 1558 1261 1557 1397 1400 1600 1266
1269 1286 52 1492 1271 1516 1451 1573 1240 1612 1453 1504 1596 1504 1433 1534 48 1411 786 1248 1460 1497 718 1266 1518 1295 1452 1535 55 1525 47 1484 1298 58 1448 786 1215 1433 49 1446 1436 1456 1165 1523 1577 1437 1274 1439 1252 1448 1201 1403 1549 730 1582 1492 1422 1253 1521 1570 1178 1469 1490 1566 1544 1401 47 1419 44 1408 1490 41 1222 1552 1385 54 1512 49 1517 1420 1379 1370 57 1431 1240 1215 45 1596 47 59 1282 47 1514 1488 740 1237 1284 1272 1562 58
1488 51 1562 1548 671 1239 1528 1554 1419 1606 1498 1260 1524 48 1495 1473 1509 1509 710 1474 1464 1228 1511 39 1503 49 37 1476 1555 65 1505 1432 1519 1423 1537 1481 55 1528 1461 1236 1421 1192 1235 1439 1420 1232 1311 48 47 715 1255 1316 51 1212 1428 49 1276 1449 56 1281 1472 1585 1201 1501 703 1483 1399 36 42 1565 1468 1548 49 1529 1497 1250 1288 1440 57 1456 1173 1504 1502 59 1436 1572 1517 1537 1580 1392 1499 1460 1498 1429 49 1515 1558 55 1553 1208
1398 1509 1502 1402 1401 1400 40 48 742 1519 1169 40 44 1527 1578 1558 1522 736 54 1434 1495 1459 1467 1285 1461 1475 1486 1556 1245 51 1503 1482 1229 1192 708 1423 1458 1644 1206 1227 1580 1526 1569 1436 1503 1463 1470 50 1513 1290 1454 1545 1449 1460 1228 1487 1596 1459 1188 1566 1506 42 1571 54 1499 52 51 1487 1451 1573 1275 1477 1418 1552 1575 1491 1211 1460 1486 1466 1502 48 1239 1492 1453 771 57 1541 1606 1216 1383 1458 53 1485 1438 1530 1535 1252 1475 1525
1508 1368 1521 1537 62 1489 1239 1226 1250 1245 1465 51 1458 56 1435 59 1320 1595 1236 1428 1217 1589 1262 1538 50 1464 1467 1522 1476 1278 1175 1426 1217 1508 1541 1471 1481 674 1481 1481 1423 1541 1195 1442 1480 745 1226 1470 50 39 1454 1454 1432 1531 1248 1470 1207 1528 1518 51 52 1228 1556 1445 1238 1496 64 1415 1555 1506 1541 1544 1434 1246 1641 1521 1558 1524 1437 1310 1319 1530 1504 1495 1531 1515 57 53 1296 1451 1459 1509 1477 1298 1530 46 741 1543 1519 1200
1247 1495 1529 1472 1471 1567 1231 1564 1422 1424 55 1477 1455 751 1468 1504 1192 1234 1477 1504 45 1436 63 47 1512 1547 1458 1535 1450 1265 1499 54 1391 745 1451 1470 1484 1538 1466 1395 1563 57 1469 1455 1484 784 1469 1520 51 1577 1587 59 1499 748 1452 1483 1214 1268 52 1396 1496 1451 1503 1462 45 717 1458 1544 43 1270 1278 1387 1394 1449 66 1463 59 1469 1467 43 54 1535 1527 1218 1511 1261 1436 1222 1479 1497 1269 1401 1496 1427 1549 1490 1505 1532 1215 1436
1254 1422 1528 1465 1259 1567 1456 1446 1501 1493 1477 1518 1538 1319 60 1176 1520 59 1458 1261 1477 1493 700 1240 1488 1557 1529 1539 1510 1241 44 41 1468 1533 1246 1577 1300 1416 1395 53 1513 1527 1501 1283 1524 1460 44 1434 1550 1449 1524 1502 1323 1469 1503 1492 1574 1535 1427 57 741 1545 1223 1249 1252 49 1214 1499 1619 1246 1471 1516 1271 1512 1493 1523 1435 714 1484 1515 1215 1292 746 1428 1484 1460 1569 47 1298 55 1563 1541 1491 54 1423 1546 1491 1475 1258 1574
1446 1433 1512 1503 1428 1518 1460 1415 1506 1469 1411 57 1521 1249 726 1485 1256 1449 59 1217 1485 1237 1219 41 1462 54 1231 1489 1225 1424 1478 1412 1574 1291 1220 1538 47 1499 1198 46 1581 1449 1189 763 1527 1520 46 1443 1463 1284 1485 1556 1228 42 1502 1505 1567 33 1453 40 1407 1490 1393 55 1258 1257 58 1565 1261 1196 1425 1545 1482 1561 1616 1593 1430 1506 42 702 1227 1231 1453 1540 1521 1498 757 1520 1485 1306 1211 1469 64 1515 1205 1472 63 1529 48 757
39 1658 1193 1453 51 1554 1429 1534 1567 1508 1584 51 44 49 1426 1583 1533 1458 1202 1541 1470 1585 1295 1244 1498 44 1540 1548 1270 1230 1496 1538 1185 1465 1490 49 1273 1231 1481 1416 1504 1536 1586 1300 1527 54 1528 1517 50 1511 1593 1461 1496 1457 1452 1251 1481 1581 1514 36 1574 50 1564 1285 53 1269 1580 1467 1468 1499 1368 1569 1434 1501 1196 1581 1520 40 1524 39 1442 1544 1524 1495 1567 1466 1474 1443 1518 1473 48 60 1427 59 1499 1455 1522 1264 1511 55
1428 1566 54 57 727 49 1453 1550 47 1450 1562 1520 1425 814 1468 1386 1278 1590 1204 1371 1454 1543 1530 49 1325 1541 1597 41 1430 56 1627 1251 1437 1491 1488 1443 780 1470 54 1561 1239 59 1568 822 1203 1560 1478 1298 1539 1472 1462 1237 1572 1510 51 1465 1483 1419 1506 1382 1519 54 1410 1552 1508 50 53 52 61 1485 1252 1500 1448 1440 1500 62 1453 1534 1535 741 1543 1220 1491 1516 1408 1461 1438 1288 1532 1191 1540 1496 53 1572 1412 1257 712 1511 1165 1429
1215 56 1547 1183 1476 1509 53 1450 1405 57 1470 41 1405 1412 1551 1466 1462 1229 1260 1199 1505 1519 1478 1535 1483 1551 55 1526 1494 1268 1488 1483 1586 1554 1524 1503 1423 1266 1482 1408 1456 1533 1466 1538 1475 1444 1488 58 1262 1532 40 1268 1426 1499 1543 42 1276 1267 1497 1392 764 58 1439 1545 1553 1397 1543 1464 45 1421 1582 47 1466 64 1572 55 1463 43 1556 1259 1232 1513 1477 1499 1448 1479 1492 1486 1516 1571 1522 753 1515 1233 1530 1527 1552 1266 60 1240
1485 52 1164 1507 1462 1490 1575 1428 1537 1487 1529 1513 1526 1564 1546 1440 1461 1563 757 1426 1539 1525 1198 1212 1515 1500 1509 1469 1243 1473 1440 1469 1451 40 1192 1587 1435 738 1259 1516 1508 1277 1492 1491 1411 1532 1487 736 1559 1298 43 1534 1271 1354 1496 49 1454 1416 1491 1204 1453 1326 1460 54 1555 1482 63 49 1427 62 1485 1515 1505 1480 1287 1267 1534 1519 1446 1434 38 1273 1552 1616 1530 57 1456 49 1492 1498 1554 51 1223 58 1238 1410 1239 1546 1593 1474
1516 1561 52 41 1469 1489 1512 50 1491 1454 1529 1493 1487 1487 1518 1458 1432 1417 1510 1523 1485 1532 729 59 1227 62 1268 53 1495 1396 1492 1574 1479 1261 1268 1514 1584 48 1503 1436 1532 1446 39 1413 1547 1382 56 1428 1445 1457 1407 1259 1478 1479 1439 1523 1544 1529 1491 1530 1273 1267 1386 1306 1193 1551 1395 1280 1587 1456 1480 750 52 1442 1507 1539 1442 1514 1563 38 1546 1521 1490 42 1526 1449 45 1547 1530 1447 1256 1218 1395 1273 50 742 1549 48 1596 1549
38 1419 1555 49 1502 1440 1599 1512 1525 1231 1467 1539 1391 1436 1469 1567 1514 50 1579 1516 1516 1541 1522 1434 60 1289 1497 1533 1528 1427 1224 1464 1448 1492 1603 1250 1500 56 1261 59 1444 709 35 1544 1468 1559 1293 1286 769 727 1506 1522 1541 1540 1255 1268 1533 1476 1478 1508 47 1472 1487 1445 1536 1204 1429 1474 1411 1611 1550 1372 1486 50 1455 1530 1281 1556 1601 690 1495 68 1493 1533 1267 1494 44 1446 48 53 752 1202 1582 1567 1503 54 1232 57 1504 50
1397 1526 1493 1506 1247 1281 1550 1511 1441 1377 1523 1433 44 662 1528 1527 50 1262 1529 38 1200 1476 1428 1535 1638 1241 1524 1453 1525 1526 51 49 1448 1458 1527 1520 1491 1235 1513 1437 40 1474 1496 680 1534 1531 1472 44 55 1595 1500 1229 1520 1451 1496 1487 1539 50 1527 1226 1442 1433 753 1509 1389 1550 56 57 1384 763 1269 1492 1464 1168 1482 1457 1406 1440 1544 1506 1206 1478 735 1439 1482 1496 1465 1460 50 1418 1606 49 1547 1451 1439 1416 1224 1477 1242 1546
1401 1252 1405 1489 1456 1241 1404 44 1433 1442 1503 56 48 1232 1461 1571 1476 64 1416 1126 1500 1383 1479 1502 742 1457 1580 43 1487 1267 60 46 1529 1291 1577 1497 1463 48 1479 1437 1378 50 56 1215 1506 1520 46 1469 52 1466 1221 1235 51 756 1456 1482 1456 1532 1498 1463 1519 1491 1289 790 1551 1550 1451 1534 1508 1543 51 49 1538 1250 1490 1290 1409 1480 1221 1384 45 1514 44 1223 1286 1226 740 1245 1413 1547 1584 45 1514 1487 1455 1542 1242 47 1291 1484
45 1239 1420 1503 1188 1553 1460 1244 1493 1493 1307 1522 1455 1309 1588 1289 1234 1516 1227 1439 1436 1540 1497 1157 1503 46 1594 47 45 1534 1482 1521 1186 1453 77 757 1431 1555 1495 1495 1245 63 54 1458 1478 1553 1532 1219 1281 1488 1504 1395 1514 1391 1383 1532 1578 1463 1445 1402 755 1422 1488 57 733 1533 1457 56 1216 53 51 1577 1424 1283 1476 51 1507 1477 1559 1590 1307 1549 1494 1431 1482 1483 1625 1526 1564 1532 1458 1462 1469 1261 1236 730 1512 1435 47 1217
1246 1254 1512 1188 1550 49 1469 1464 64 1435 1449 55 1230 39 794 52 54 1474 1447 52 1504 1556 1243 1433 58 1327 1417 1570 719 1474 1451 1246 1488 1210 1568 1401 1372 1499 1498 1216 1481 1489 1522 1545 769 1251 1517 1480 53 1238 50 1552 1413 1196 1426 1487 687 1501 1429 39 41 772 1662 1556 1226 1536 1568 51 1508 755 1249 1586 1547 1603 1513 1490 1488 1430 1540 1407 1265 1441 1489 1272 1504 1228 1318 1372 1494 1454 1443 43 1533 48 761 1491 1259 1469 1441 51
1457 1534 1403 1479 1530 1412 1194 46 1519 1451 1477 1497 1511 1497 1493 1266 1411 1554 1613 45 1515 1453 1500 1552 1238 1534 44 1547 1519 48 1251 1409 1497 1501 1245 1564 1221 1288 57 1500 1479 53 707 1491 1526 1264 1521 1405 50 1222 1545 1506 1292 1472 1550 1476 46 1598 1464 1262 1169 50 48 1218 1521 1522 1407 1490 54 1520 1474 1456 1521 1538 1491 1293 1415 1266 1418 1601 1430 772 52 1507 47 1541 1550 1557 43 1231 1243 39 46 1608 1563 54 1573 1535 1268 711
1560 783 1407 1414 1617 47 1576 46 63 1516 1257 42 733 1487 1525 1469 1495 44 51 1529 1571 1501 57 1470 1440 1313 1529 1443 1487 49 1178 60 1475 1541 1595 41 1201 1259 1287 1246 1445 1562 1273 1497 1524 54 1514 1537 1454 780 1409 38 1481 1543 1457 1446 1496 1497 1239 1482 1271 1455 1450 47 1533 47 1534 1485 53 1518 1587 51 1554 1458 1301 1519 1231 1406 1449 1549 38 1475 1504 1532 1397 1524 1491 1261 1270 1527 1539 1501 1457 1447 1289 1464 1547 49 44 61
1607 1433 1507 1531 1273 1432 1235 783 59 1469 1489 1571 48 1451 1464 1448 1272 1562 1447 1474 1499 1599 1469 1244 1568 741 56 44 1439 1260 1546 1411 1509 1509 1604 1231 1523 1411 1487 1494 1417 1571 1520 742 50 1464 1233 1531 1496 1427 1446 1466 1506 1499 1507 1524 1436 1218 1408 1506 1571 1528 1397 65 1396 50 1425 1391 50 1583 1466 750 41 1571 1444 1471 1190 1602 774 1393 1600 1467 1499 1479 1265 1477 1497 1538 732 48 1513 746 1434 1189 1580 38 1525 1504 1490 1455
1508 1528 1165 1528 1573 1459 1555 1254 1476 1508 1267 1265 55 1454 1414 1404 1190 1463 1469 1435 1520 1509 1430 1484 1521 1492 1274 1192 1574 1477 1544 1283 65 769 1482 1571 1165 1530 1419 52 1466 1477 41 40 1546 1501 1460 1473 1420 1214 1322 1445 1567 1420 1208 1580 50 47 1455 1525 1492 1473 46 39 1293 50 1197 1470 1299 38 1228 1513 53 1521 1469 1518 1450 1467 1431 1427 47 1432 1499 42 1451 1408 55 1567 1553 1521 1441 1225 1555 1500 1444 1412 1574 799 711 1529
1470 48 1277 1459 1223 1469 1454 1446 1269 48 1384 743 1564 1281 1493 1490 44 1472 1369 52 1239 1489 1405 47 1573 1596 1266 1515 1510 48 1517 1523 48 1566 51 1528 1504 1562 1468 1221 1453 1483 67 1526 58 1428 1464 1517 740 1576 1549 1525 1444 1268 1498 1493 1508 1562 1378 1536 1489 41 1200 1448 1400 1499 1454 42 1204 1518 1446 1428 62 1543 1520 48 1345 1448 1539 732 1266 1548 1479 1477 1482 1451 1254 1468 1519 1462 1487 58 1272 1535 766 1526 55 1422 1270 1160
1646 1548 1571 774 1462 46 1462 1452 1484 1549 1499 1456 684 1441 1562 739 1545 1522 1536 57 46 1421 1411 1457 1401 1397 1510 47 1443 1452 1540 1540 744 1418 51 1480 1231 1469 1210 1274 1443 1281 1390 1589 1564 1494 750 1482 51 1441 1242 1527 1473 1535 1481 1489 1540 1246 1461 1224 1272 1240 1485 1463 1527 1242 1292 1514 1458 1464 54 1459 1474 43 47 1525 1398 1460 52 1452 1517 1416 1451 1290 1431 1466 1539 1250 56 1417 1459 1434 1487 1429 1429 51 1487 1448 1441 1505
1584 1211 1417 41 55 1394 1181 1559 1554 1549 52 1447 69 48 1513 1448 1491 1476 1482 44 1533 49 1556 1554 1522 1507 1252 1532 1274 51 32 1343 1429 1471 1543 1545 1514 1418 1453 49 1455 1409 1600 1465 1442 1535 1510 1584 50 48 1280 1253 1495 44 1505 1290 1545 1265 1591 1474 1549 1445 1404 1437 1511 1249 48 1258 748 47 1388 1259 47 1241 1597 1623 1566 1459 1445 1550 1489 1235 1501 1455 1503 1293 1228 1462 1625 1391 45 1219 1475 1497 1570 1260 1433 1440 1236 1582
1486 1440 1294 1262 1546 1496 1576 1539 1391 1495 55 1442 1542 1488 1484 1223 707 776 1564 1422 42 1473 1484 1514 55 1258 55 43 1556 741 1489 1499 1568 1546 1259 1530 1581 1486 1257 1461 1457 1248 1516 1564 1225 55 1266 1311 56 1515 58 1286 1418 1473 1595 1534 1465 56 1456 1505 1264 1464 1219 1507 1496 1239 1570 1429 1429 1465 1519 1413 1442 1466 1190 1492 1577 1201 1467 44 48 1189 1458 1478 66 1576 1506 61 1484 1583 724 1425 1586 1434 1471 1454 1256 1570 1258 52
1538 1274 1227 730 1501 42 1265 53 1560 1440 1236 1429 1515 1476 1563 1498 1564 1511 47 1587 1514 1255 1404 1230 1511 1484 56 48 1489 1468 1450 1499 1486 1460 1466 1520 1463 1558 58 46 1196 1463 1485 64 1567 1420 1432 1592 49 1485 1508 1297 1486 1485 56 1533 1512 1495 1524 1477 1430 45 1471 59 1506 1555 1432 43 1440 1542 1493 41 1464 1428 1424 1455 1462 1490 1288 1222 1484 1460 1543 1418 1191 1492 42 1480 1533 1628 744 1460 1537 1437 42 46 1468 1433 1536 1539
1418 1487 1238 761 1423 1505 62 1515 1442 1465 1220 1286 1484 1544 1420 1487 1214 1504 53 1455 1412 1513 1249 1250 1543 1414 1481 1545 1459 1516 1491 1500 48 53 1531 1451 1521 1175 54 1485 40 1431 1617 1289 50 1550 1505 1432 1404 1423 52 57 55 1560 58 1283 1521 1394 53 1500 1497 1472 1223 1409 1496 1603 1558 44 1461 46 1462 1511 1468 1595 1235 43 1245 1480 1264 1248 1380 1503 51 43 1502 1468 1525 1585 47 60 1482 1549 1499 1459 49 1471 1434 740 1554 1535
1411 1250 1439 1562 1529 1209 1502 1249 1514 1463 1466 1571 1616 1552 50 1553 1518 1406 50 43 700 1298 1528 42 1502 1236 1528 1489 1494 1231 1511 1549 1414 1529 1537 1441 1549 1500 52 1438 1501 1547 54 1295 1516 64 756 1570 1237 1431 53 1495 1477 1574 1477 53 1582 1415 1484 1436 1270 1447 1230 1403 1457 1485 56 1449 1591 1487 43 1440 52 1553 1291 44 1597 1507 1505 1481 1590 1461 34 1209 713 38 1515 1598 48 1593 1444 1465 1273 53 1436 1496 1444 1600 1450 1563
57 1515 1493 1235 1517 1535 54 1279 1261 1425 43 1536 768 1249 1524 1512 1560 1453 48 67 1436 1440 1475 1477 1507 1424 1417 1483 60 1504 1524 1470 1536 51 45 1649 1256 1553 1216 1393 49 1500 1439 783 1457 1508 1479 1200 1524 1559 54 1412 1522 53 1452 1523 1502 1541 703 1235 1579 1484 1530 1450 1401 756 1223 1172 1527 59 724 1265 56 1256 1600 1426 1439 1449 1442 1579 53 1531 1185 1492 1438 1400 63 1473 1464 1458 757 1487 1451 1471 1551 1428 53 1463 1453 1441
1490 1479 1287 1225 1476 1430 1442 1556 1458 1239 1456 1466 50 1583 1512 1518 49 1446 1528 1566 1415 1541 1478 1428 44 1490 1231 1408 1522 1442 1614 1442 56 1374 1549 1346 1426 1474 1431 1473 1210 59 1572 1237 1459 1519 1227 779 1468 1438 48 1403 1249 1514 1503 1464 40 1434 1515 1548 1520 1227 1412 1448 1421 1239 1564 1503 1542 1560 1445 40 1487 58 1516 1521 1534 719 1454 1425 1427 1548 61 1231 1243 1567 671 1484 1266 58 1221 709 1555 1499 1543 1548 1410 42 1289 1434
1534 40 1570 1467 1487 1441 1244 1509 1522 803 1440 1530 1297 1525 1470 1504 1278 1484 1406 1422 1459 1432 1225 1508 1372 1455 1489 1440 1548 1458 1343 1549 1504 1412 1549 1403 1418 1554 1515 1448 48 1197 1484 1409 1534 1243 751 1567 1180 1502 1497 1431 54 1284 1557 1468 59 1509 1407 1555 1334 1462 1191 44 1460 1569 1534 54 1525 1443 1311 1424 1596 1496 1466 1432 1416 1557 1555 1576 1248 1489 1511 1553 51 1511 1506 1487 1475 1574 61 1385 1609 54 1586 1431 51 53 1491 47
1427 1422 1262 1444 1492 1509 704 1442 1227 47 46 1501 1483 1450 1569 1239 55 1541 1532 1540 48 1539 1569 1543 1402 1464 1524 44 1464 1499 1501 1598 732 1227 1503 1282 710 1495 1418 1581 1567 1519 56 1245 1236 1509 1429 59 1283 1532 49 1538 33 1238 1478 1444 47 1549 1546 1425 1213 1415 1243 1211 1465 38 1634 1452 1576 1572 1540 716 727 1230 1437 1461 1453 1437 54 1454 1581 1474 1435 746 1533 1323 1484 1530 1421 1217 1463 1498 51 1272 1424 1491 1228 1419 1459 1425
63 35 1438 1573 725 1290 1523 1508 1426 50 1194 1277 1522 1439 41 1513 1403 1218 685 49 43 1408 1473 1409 1590 1480 1496 1282 1497 1504 1477 1599 1472 1494 1540 1489 1445 1239 1459 1570 1429 1463 1534 1232 1561 1446 1503 1239 48 1501 1494 1533 1443 1504 1248 60 756 47 773 1268 705 1248 1208 1409 63 1249 1439 1436 1195 1435 1555 58 686 48 1455 1522 735 51 44 1436 1588 730 733 1506 47 1188 56 1530 1469 1524 1496 1231 1506 1411 1474 1271 1439 50 1460 1422
1613 1529 1442 1291 1253 33 1507 1537 1224 1462 1533 1482 1204 1456 1518 1559 1508 62 1325 754 1512 1535 1485 1263 1415 1505 1515 57 726 1498 1290 1483 1506 1453 50 1601 1498 1249 1185 1546 702 1515 60 1274 50 1427 736 1235 1505 1472 52 1530 1428 1490 1504 1586 1464 1539 1493 1293 1308 1481 1519 1264 1533 1260 48 1499 1411 1532 733 46 1503 1213 1501 1474 1469 49 1422 1448 1521 1514 1232 63 1208 1277 1458 1471 1522 1298 63 1403 1539 1421 1565 1548 1436 1294 1255 1464
1528 1408 1480 1490 1496 59 1484 1410 53 1483 1538 1374 1465 1457 790 1395 1491 54 1295 1567 1584 1580 1535 1564 1510 1524 1520 707 1555 1562 1607 54 40 1231 762 1414 42 1537 1473 1479 718 1447 1520 60 1423 1253 1569 1535 51 1488 1262 1503 1543 1501 1201 47 1462 1583 1513 1488 1437 61 1455 1561 1202 1542 1528 1210 57 1428 47 1617 1385 1511 1548 1546 1444 1484 1528 40 1456 1563 1481 46 1229 51 1380 1523 1573 1568 1506 1288 1285 1543 1515 1587 1470 1536 1181 1518
710 1509 1630 1442 1198 1472 50 1492 1267 1300 1538 1477 46 55 1510 1461 1553 61 1451 1253 1540 1515 1475 40 47 1613 1497 1556 1521 1418 44 1305 1454 1552 49 1531 52 1275 1493 1558 1431 56 1523 1527 1499 1494 1425 44 1217 1572 1506 1441 1438 1497 1569 1574 1440 1221 1277 1468 46 1441 1447 1475 1236 1555 1563 1536 46 1248 1505 1492 1583 46 1435 1566 1534 1569 1563 1419 41 1448 56 1431 1440 1443 731 1240 1387 1606 1491 1219 55 1586 1411 1434 1233 1439 1448 1296
1501 1532 1532 1209 1530 1442 1409 774 1550 1269 59 1447 1480 1555 45 1452 1542 58 50 1387 51 54 1543 1450 757 1498 74 1438 1560 52 1435 1430 1512 1418 1513 1466 1243 1419 45 35 1483 1543 1462 1521 1463 1531 1586 1493 1208 1515 1407 1164 1451 1263 61 46 1442 1517 1237 1416 1535 56 760 1432 59 1531 1243 1489 1551 1449 1236 1441 1159 1547 1556 1301 1539 1579 1549 1482 1474 1268 1580 1522 1461 1458 1420 1473 1426 1443 1179 1494 1254 1427 1529 718 47 1569 55 1444
1516 727 1510 1532 1576 1520 1572 1499 42 1283 1272 1338 54 1521 1457 1490 1266 1381 1237 1509 1568 1484 736 49 1224 1237 1498 1452 1214 1515 1424 1460 1472 791 1245 1550 1427 1539 1522 55 1425 1441 1540 1427 1646 1571 1330 54 1408 1533 1246 1249 1453 1264 50 1402 736 52 1206 1556 1218 1574 1446 1501 1241 1492 1502 1561 1499 1504 1289 704 1404 1478 1472 1214 1278 1643 50 1473 1440 1482 1457 1426 43 1536 1534 59 59 1523 1563 1454 45 1476 1442 1284 717 48 1435 1400
1257 65 51 1462 1456 1461 1546 33 1539 1482 1443 722 1535 41 50 1460 1264 1392 56 1472 1462 47 1518 1420 1556 1498 1445 50 1273 1417 1556 1513 1557 45 1457 1436 1549 53 1616 727 1580 1456 53 755 1483 1429 1435 57 1392 1528 1624 1244 1536 1245 1496 1474 59 1563 1460 1544 1540 1504 1552 1216 1532 1506 1457 39 1574 1507 1386 1509 52 1503 1599 1453 1199 1427 1493 1446 1515 43 38 1575 1234 777 52 1427 1554 1542 1477 1444 1555 1237 1279 1559 51 1469 758 1446
1470 54 1510 41 1378 1412 1532 1421 1213 1460 1505 1460 50 1231 1505 1481 51 1476 1476 1433 1472 1405 1572 1434 1407 37 1261 1422 1268 1504 34 1536 1419 1425 1548 1427 61 1553 1240 1575 1445 1494 1566 1269 1268 1475 1652 1302 1276 1372 1368 1398 1517 694 1525 1210 1227 51 1452 1527 59 1468 1555 1448 1456 1509 1504 1562 1521 1252 1543 1208 1518 58 1548 1587 1268 1501 1394 716 47 1487 1273 1548 1248 43 1444 1519 1362 1274 1220 1507 1233 1501 750 1515 1539 776 1461 1540
1465 56 1442 1596 1505 1572 1366 1374 1454 695 42 1463 1490 1457 1464 1306 1564 1433 1412 45 1608 1302 55 49 1440 48 1460 1213 1597 1535 1489 1229 1431 1447 1552 54 1249 52 1251 1503 1246 1499 1242 1492 1220 1536 1322 1492 1515 1519 1262 50 1543 1246 1259 1412 710 1569 1265 1592 1451 1528 1276 1634 1501 1587 1483 1490 39 36 1470 1577 1177 1554 1546 1544 1501 1514 1547 1494 46 1401 1218 47 44 52 1279 1473 1561 1443 1257 1539 1527 1573 1527 1460 42 1466 52 1241
1619 1274 1433 1370 1515 48 1506 47 1199 1472 1287 767 1550 1253 1205 51 1240 1481 1548 1433 1471 1517 42 1524 1190 1498 1590 1570 46 1265 1410 41 1489 1544 1496 46 56 1436 1580 1187 1598 1477 1269 1450 1471 1561 745 1439 747 1484 1230 48 1601 1454 51 1577 1310 1505 1527 1505 1451 1193 1410 1539 1451 1497 1237 40 1546 1440 1569 731 1473 1456 1520 694 1423 1572 1615 53 1526 686 1518 1237 1536 1266 1555 1444 48 1230 1540 1505 1568 1464 1466 1276 1435 1432 1251 1430
1493 1473 712 713 1440 1443 56 1449 1546 1517 1454 1487 1483 1438 1202 1400 1510 1427 1444 1510 1398 1269 1499 45 49 1437 1467 1529 1483 53 51 1579 1448 1211 1486 1479 782 1185 1417 1494 1450 1477 47 1481 1481 1479 38 1425 1275 1464 1544 38 1267 815 1537 1551 1562 1366 1566 64 1446 1531 1257 1492 1471 1481 1479 60 1238 1256 1496 1524 1589 1458 1446 1277 1492 1557 1606 1473 1468 58 1530 1551 1385 1566 44 1448 1465 54 1572 1467 1248 1546 1417 46 1478 1550 54 1186
1432 1481 1220 50 1242 1545 1520 1241 1504 1433 1552 1442 1476 1487 1419 1447 1397 1233 51 48 65 1297 39 1540 1526 1500 1517 1285 61 1429 40 1467 51 1554 1571 45 1411 1497 1447 1249 59 1433 1564 1552 760 48 55 1405 1397 1220 1512 51 1487 1601 1435 1514 1217 1481 1214 1199 1458 41 1313 1509 1228 1533 1495 1491 1412 1538 1458 52 1431 1475 1499 1441 1459 1466 1435 1512 1487 1430 734 1545 1441 1482 1455 1298 1402 1529 1548 1439 1545 1452 1497 1446 1463 1284 1434 64
1498 749 1428 1307 1447 1547 1444 1533 1541 55 698 1224 1465 1443 1206 1460 1584 39 1540 44 1517 1310 1476 1477 1432 1493 1436 1568 1531 1421 1452 1398 729 1558 1516 49 1622 1471 1501 1415 1486 1486 1548 1490 1267 1256 1477 1462 47 1516 1481 1220 56 1438 1416 1419 1545 1547 1290 1563 44 1221 1495 1509 1505 709 1517 1451 1177 48 1430 727 1609 1568 1561 1512 1570 1525 1498 1283 38 1492 1407 757 1463 46 1516 50 56 1542 1510 47 39 1510 1470 1478 51 1504 1553 1214
1500 736 50 1282 1456 772 1440 1413 1544 1516 1557 1532 1584 1387 1486 1401 1466 1493 1409 45 1493 1511 1556 1441 1481 1260 43 1501 1434 1512 1602 1448 57 1596 31 1506 1247 41 1536 1608 1469 1522 1456 1372 1447 1254 1312 1431 46 1440 689 50 1500 45 1447 1541 58 58 726 46 1532 1477 1295 1206 1530 1441 1598 1399 1517 771 51 1543 42 1546 1484 1443 1383 1429 1560 1403 1546 1450 1544 1499 1449 1395 1196 1551 1491 1540 1401 1484 1227 1254 1232 1439 50 1575 1400 1526
1257 1549 1495 47 1564 49 1594 1199 1550 40 1376 1539 1459 1530 1613 1493 51 1222 1452 1542 1537 743 1587 1531 1522 1451 1503 1433 46 1607 1541 1490 41 1453 67 1440 1418 1571 39 44 1446 1448 1506 1512 1478 46 1475 1188 1213 1243 1485 1271 1441 63 1466 62 1588 1580 1516 1561 1531 1529 1461 1478 1471 1610 64 1452 1486 1495 1234 1522 1502 1444 1247 1303 1274 1524 45 1511 1226 1467 1288 50 1473 1281 1517 42 1513 1490 1168 1252 1504 782 1201 1485 1451 1516 1514 1521
1447 1504 41 1483 1443 752 1549 1192 1507 1262 1455 1445 55 733 1469 1504 64 710 36 1518 1471 1433 1550 44 1514 1428 1447 1517 1198 1510 1405 1504 1520 1514 1599 1488 1469 1451 1409 1487 61 1443 60 47 1476 1286 753 1522 1524 1551 1469 1530 1469 1491 1541 42 1233 1375 1503 1532 1267 1507 1504 1530 1556 1510 1211 1478 1504 778 1259 1450 1467 1452 1584 1502 1536 1558 1457 1528 1529 1579 1275 1262 1512 1377 1258 50 1221 1590 1208 1280 1235 1587 1521 1443 1566 1561 1215 1463
1578 1494 1206 1579 1452 56 1482 746 1260 1540 1606 48 1473 1567 1448 47 1313 1248 1521 1542 1602 1356 52 1573 1443 1507 1241 1474 1560 42 1541 1467 1476 44 1455 48 1262 1261 1463 1495 54 1238 1487 1480 1475 1496 1530 1433 1224 1464 1476 1541 1599 1553 1237 1242 1591 1274 1533 1457 1206 1465 1464 1446 1504 1414 1547 1590 1470 1193 725 1500 1450 1243 1187 1438 1458 1538 1470 1485 1528 1405 1498 1258 1488 1564 1272 55 1297 1228 1501 1463 1510 1496 1436 1415 1478 1531 1500 1478
1480 1587 1476 1457 1454 48 1448 53 1525 1509 1458 1463 1443 1501 1550 1467 1531 1451 51 1574 56 1495 1498 1449 1399 59 44 53 1578 1430 1519 1581 1451 1503 1455 1489 1364 791 727 1215 1540 1513 54 1455 1560 1437 1537 743 1527 764 41 1469 1365 55 1488 63 1515 1287 1266 784 1502 1242 1463 1196 1173 1464 742 1449 57 65 1445 43 1384 1480 1512 1236 770 1511 1451 1387 1597 1428 1518 1538 42 1421 1545 1464 48 1542 1197 1586 1248 1408 41 740 53 1280 49 47
1258 1273 1557 1577 1521 1458 1479 1549 1469 1565 1521 1241 1290 1533 1436 1375 1220 1478 1471 1234 1459 1507 786 1464 1487 761 1469 1463 1510 1464 1490 1205 1464 1529 1457 50 1460 1206 1566 1407 1481 53 1553 1514 1515 1508 1429 1440 53 1429 1410 1501 1257 1243 1590 1533 1415 1235 1485 1536 1383 1535 1517 1441 1538 1470 1169 1441 1263 1498 1394 1221 1475 1445 49 1432 1437 1397 1509 1579 1307 1456 1461 1237 49 1439 1528 1436 1516 1212 1479 51 52 47 1516 1552 1470 1237 47 1438
1455 70 1260 1187 1520 62 1193 1570 1449 1469 43 1499 1213 1451 1287 57 1520 1430 1243 1568 1613 1479 1503 1503 1287 1475 1225 1233 1504 1483 1468 1441 707 1606 1432 1456 1549 1484 1414 1256 1520 1389 1552 1416 1599 1596 1479 1577 1556 1510 1555 1243 1593 1490 1484 1257 1580 1571 1533 1485 1483 1423 1574 1578 1335 53 1503 1438 1458 1443 1462 1444 1556 1596 1234 1460 1463 1459 750 1443 1570 1558 1476 1624 1416 1529 1462 53 1509 1479 1491 1508 56 1419 50 1453 1445 1431 1511 1497
1581 1247 1470 1434 1491 1432 1531 1237 1528 1467 1281 1452 1480 1538 1566 1403 1479 1453 1435 1411 1588 1279 785 53 1461 1215 38 1459 1203 48 1497 1455 1429 1553 1489 1237 1450 1395 1517 1264 1541 1301 756 1239 1234 1557 1452 1424 53 1384 1481 1506 1538 1446 1547 1436 1538 46 57 1211 1539 1491 1436 1433 59 1456 1584 41 1533 1489 1231 1281 1540 1459 1507 1555 1533 708 1379 1552 1523 1482 1504 1520 1568 1233 1545 1523 1563 1582 57 1484 1445 1423 1461 1531 1517 1468 1582 1543
1405 1440 1537 1470 1529 1422 1582 1416 1287 700 1238 1550 1473 1568 48 1433 1218 1535 1504 1544 49 1495 1430 1236 1550 1232 59 1256 47 1566 1263 61 1548 1553 1551 705 1409 1530 1477 738 1457 1455 1559 1546 1237 1456 1414 1470 1300 44 1367 1501 41 53 1477 1531 739 1521 67 1305 1250 64 57 1223 1448 1535 47 760 1510 1397 46 44 57 1470 1251 1528 1555 1435 1467 1435 1586 37 49 1245 1490 1488 1449 1178 1492 39 1517 1446 1286 1435 1206 1467 1397 62 55 1507
54 1449 50 1552 1494 1414 1292 51 1517 1529 52 1240 1200 1199 1505 1201 1427 1505 1235 1495 1552 1493 1571 47 1441 1554 1434 1459 1413 1485 1550 1250 1519 1564 1433 1285 1476 1531 36 711 1540 1442 47 1450 57 53 1454 59 712 1585 52 64 1519 1425 1501 1207 56 1477 47 1430 1549 1241 1574 1476 1411 44 1605 1233 1437 1558 1504 1436 1452 1233 1258 1526 1500 1251 1496 1260 48 1535 1508 1542 1485 1525 1596 1492 1468 1257 1238 1445 1413 1506 1383 1537 1421 1466 1581 1535
1559 1539 1469 1436 1261 1514 51 1476 1545 42 1481 1531 1497 63 1477 1460 1439 52 47 1466 1432 43 1483 1393 1466 50 1471 1448 1165 803 1425 1226 1231 1402 1511 1462 1514 1217 1454 1452 36 1563 1574 765 48 1243 48 1541 1515 1514 61 1420 1440 1630 1473 46 1536 1530 1414 1551 700 1469 1466 42 1519 51 1210 60 61 1446 1563 1466 1265 51 1541 1425 1508 1493 1590 1536 59 1521 1405 1499 1511 754 1584 49 52 1527 1205 39 48 1551 49 1500 1416 1385 49 1344
1468 1465 55 1430 1480 1486 63 1512 1418 1509 1213 1557 1442 1477 49 45 1617 53 1384 1426 1469 1453 1593 49 1563 1437 54 1240 1242 1532 1224 57 1464 1444 1231 64 1593 1590 57 1525 1490 1294 750 53 49 781 54 1467 1238 1545 1293 1261 1238 64 1475 1188 1195 1469 1399 1268 1563 1455 1550 751 1527 1247 1524 1619 1169 1505 1573 1509 59 1540 57 1502 1244 43 1552 1270 1475 1622 1422 1446 1525 1240 1393 53 48 1563 1530 49 1449 1273 44 1515 1604 1490 60 52
1250 1283 1186 1175 1566 1508 1478 1512 47 1490 37 1497 1529 48 1457 1522 1561 1476 1446 1248 1620 1314 1237 48 1565 54 46 1585 1545 746 1451 1377 47 1516 1351 1355 1218 1505 1534 1523 1516 1512 51 1225 1432 45 57 53 1542 1643 1194 742 1545 46 1443 726 1468 1476 1459 1431 1528 54 1419 1448 1531 1220 1454 1395 1446 1217 1511 1549 1515 1452 1471 42 1259 1572 1450 56 1457 1473 1230 1542 1556 1242 1567 1446 1437 1472 61 1453 1460 48 51 61 60 1440 52 1460
1562 66 1266 1273 1442 1235 1452 1419 1436 1536 1644 1462 778 716 732 47 1618 1542 1461 1467 1500 1191 1602 1540 1496 46 1466 1258 1395 1451 1367 1486 1223 1394 1464 47 1412 46 1511 1497 1576 732 45 1576 55 1323 1476 1564 1518 1537 1460 737 1526 1484 37 1549 1280 1215 1539 1561 55 57 1255 1483 1313 1521 1244 54 1262 1432 1439 1221 42 1251 47 1535 55 1416 1553 1483 66 1558 1504 1285 731 1523 1486 54 1547 1406 1433 1528 1482 45 53 1481 1532 1626 1532 1419
1283 1432 1426 727 1391 1541 1420 1556 1267 1441 42 42 1476 1412 1553 49 1253 1429 1243 1499 62 712 58 1509 75 51 46 1474 1288 741 1499 1569 54 1254 1512 1487 1286 1453 1262 35 1301 1486 1266 57 700 1491 61 1503 1570 1427 1529 1437 1546 1459 799 1552 1453 1285 1552 46 1440 41 48 55 55 1579 1532 1537 1543 1457 1474 1218 60 1245 1204 1433 1426 1224 1448 1236 1420 1168 1438 50 1536 1449 1600 1494 47 1485 1274 1371 48 1440 1506 1469 1293 47 1554 1440
1500 51 1487 1489 1581 52 1232 1472 1417 1421 50 1278 1480 724 1579 51 54 1490 1484 1241 1495 39 1477 1463 1479 1521 1479 1472 1166 1439 1488 1542 1567 41 53 1283 1285 1556 1473 1397 1447 1428 1193 1398 1227 1484 1428 1532 1515 1459 1525 1541 1240 1287 1534 49 1200 1542 1476 1406 1231 1572 1468 1518 1536 47 1437 1519 1412 1569 1500 42 1605 1521 1562 1222 1564 1472 1489 1499 1556 1546 1578 1231 1514 1517 51 1576 1498 37 31 1203 1297 1246 1495 1474 1441 1421 1434 1377
1433 1305 747 1465 52 1482 1539 1428 1540 1480 1496 1483 1506 1432 1235 1444 1496 1481 1248 1427 1488 1504 39 1458 36 753 1242 46 1246 1460 1491 1538 1495 1537 1528 1292 1496 50 1249 1458 744 45 1559 1444 1486 1553 1436 1388 1592 1575 1591 1459 1578 1527 763 1453 1594 1223 1403 1520 57 1296 1547 1225 1304 1506 1444 1295 47 1542 1232 1580 57 1459 1431 1487 1260 54 1498 1528 1479 1238 1520 65 55 1556 1534 49 1489 1471 1434 1458 1485 48 1581 48 1224 1558 1535 1462
1278 1521 54 1470 730 1523 1472 1567 1304 1547 1536 47 1419 1523 1597 1467 1567 57 1419 1430 1579 1571 1341 47 1514 55 1247 1482 707 1228 1501 1585 1552 1501 1540 1506 1440 1397 1393 1287 55 1478 1413 50 1204 1471 40 1490 1535 1550 1407 1457 704 1493 1492 49 57 50 1438 1329 43 1474 1568 1482 1493 1533 40 54 1212 46 1478 1470 1264 1219 1522 1524 1471 1540 1255 1467 1467 1474 1470 1466 1470 1459 1446 1440 51 1499 53 47 63 1536 52 1552 1427 1469 1603 1528
1259 1285 1505 41 1220 1444 1561 1454 1240 1418 1544 1494 1415 1433 1370 1475 1515 1278 54 52 1559 1483 1289 1570 1553 749 1446 1310 1434 47 1472 1484 1298 1220 1541 1591 36 1546 1439 715 1449 1599 1258 1499 1434 1470 1561 1493 1458 1529 1438 1465 791 1271 1506 41 47 1146 1552 1485 57 1484 1541 53 1502 1507 1480 1459 1493 1250 1230 1257 1487 1291 1423 1512 1584 1569 1495 38 1568 1440 1278 774 51 717 1545 1533 1450 1495 58 48 50 1240 745 1223 1495 1506 49 1240
1378 1469 1508 1490 1465 1324 1559 1296 1537 783 1514 1450 1225 1459 54 1528 1272 1423 1227 59 1446 1240 61 1240 1485 1436 1516 1498 1534 1422 1498 1631 1639 49 1508 54 1426 1217 1449 1502 1591 1489 1433 42 1502 1425 1403 1237 1589 1426 58 1403 1533 51 1462 1492 1604 1525 1450 1445 1263 1566 1505 1499 1244 785 1508 1239 1473 1405 1532 1221 1575 1506 1486 1570 1430 34 53 1361 1443 1178 1563 1279 1513 1202 1494 1619 1473 1530 717 711 1394 1445 44 1407 1517 1475 1287 1276
1239 1412 1472 1562 1414 1502 56 777 1459 1453 1460 45 1442 1460 45 1523 1423 1458 40 1575 1440 1570 1468 1448 1499 1243 1544 1576 1573 1496 1456 44 1506 51 61 1486 1483 1606 1265 1545 1412 1233 1490 52 1568 59 1204 1513 1527 1529 1506 49 1471 1480 49 1244 1571 1529 1231 50 41 1514 1559 1567 1519 1521 1502 1484 1511 1174 1234 45 50 1529 1441 1283 1560 1580 1262 1543 1534 1523 1438 1467 1465 48 1547 1537 1490 1228 1246 1224 1456 1437 61 1519 1567 57 1502 46
1469 1473 1576 1446 53 1458 1522 762 1360 1508 51 1509 1475 1455 40 1209 51 1561 1455 1478 52 51 1570 1564 1581 1447 1556 1210 39 1266 46 1551 1555 1524 1490 1465 1258 1540 1405 1255 1567 1495 1230 1258 1600 1453 43 1412 1525 1410 1234 1566 1223 1263 1584 1454 1491 1431 1480 1650 1460 58 1545 1551 40 1526 1461 1449 1519 1263 1227 60 1525 1279 781 742 1408 1442 739 1534 54 743 1214 1492 1461 1525 1294 1318 1546 1492 43 1396 52 55 1447 1431 1439 1339 1251 1275
52 1390 1533 1512 1463 1439 748 1481 1225 1519 1507 1300 1578 1243 1542 1479 1575 1452 1493 1226 1418 40 1457 1522 1184 1537 1483 1239 1459 1535 56 1521 1590 1494 1457 1553 1573 1476 1527 1474 1238 723 1471 48 1256 1258 1232 1554 1545 1205 1379 1531 46 1161 1411 58 1417 1568 1535 1543 1490 1441 1465 1508 1502 1467 39 1473 1206 1560 1421 1477 1290 1191 1525 60 1559 1460 1512 1529 1505 44 1505 1420 1453 1487 1475 1488 1455 1524 1480 1463 1295 1262 1545 1232 1249 1479 1404 1508
1466 44 1462 1487 1501 1497 1458 1433 42 1549 1478 1459 1398 1304 1233 1450 1507 1269 1569 1482 1498 1246 1526 1504 1527 1671 1475 1427 55 1480 1579 749 1521 1448 1441 772 1193 1372 1472 1524 1220 55 1586 60 47 1466 1530 1468 1267 1574 1515 1557 1437 1231 1237 1383 1461 1442 1476 1472 1411 1619 60 43 1398 51 1458 1505 1427 1489 1433 1394 1501 1484 1559 1217 1215 1433 1282 1568 1427 1552 1425 1469 1423 1413 61 52 1493 1563 1262 1444 1487 67 1438 1267 48 1487 41 1593
44 1468 56 1462 1561 1517 1467 742 1472 1442 1498 1161 1561 1534 1517 1435 1457 1459 1269 1489 1526 50 1528 1185 1567 1449 761 1529 1576 1310 1519 752 1240 1411 1541 1489 55 1474 1480 1266 1526 1542 1596 1415 1493 1527 1451 1519 1516 1246 1480 1486 1269 1436 1445 1609 1440 1267 43 62 1274 1464 1476 1471 1468 1430 1367 1259 47 1436 1445 1502 1459 1453 47 1260 49 1487 1436 1509 1576 1501 45 1499 1516 1521 1213 1449 1478 1526 1501 773 1279 1606 1571 1496 1513 46 1401 51
752 1468 1491 45 1293 1563 1596 1406 1193 1572 1225 1460 1212 1215 50 1224 42 1542 1452 1467 1412 1492 48 1237 1384 51 1543 1594 1261 1410 1517 46 1217 1463 1545 1304 1451 1556 1471 1555 1532 59 1230 1476 1546 51 1480 1555 1435 1575 1561 47 1294 1238 48 1482 1215 60 764 1318 1254 1485 1484 1526 1242 1497 1225 48 1549 749 1583 47 1483 49 1595 1440 1287 1291 62 1453 1506 1477 1521 1467 1523 1466 1489 1525 1415 1480 1233 1572 48 54 1463 1452 1526 60 1451 1422
1528 1497 1212 1561 1498 48 706 1532 1419 774 1455 1259 1285 71 41 1459 42 1505 43 1550 53 1518 1268 1494 1540 40 1456 1452 1476 1232 1255 49 1520 46 1505 1559 1513 1339 1549 1510 1402 42 775 1522 1238 1437 725 1556 1458 1562 1479 1420 1451 1550 1433 1429 1514 65 1541 1480 1286 56 706 741 1454 1254 1427 1435 49 1513 1566 1363 1508 52 1302 42 1519 56 41 1479 1468 1242 1485 1420 1228 1229 1519 1441 1530 729 1263 1450 1441 1509 1571 41 1503 47 1477 1523
1442 1556 59 1548 50 1506 1432 1431 59 47 1442 1256 1451 48 1566 1389 1540 53 1471 1161 1530 751 56 49 1465 1515 1158 1520 1469 37 1465 41 1431 54 1599 48 50 1192 1481 1453 1578 48 1520 1509 1217 1485 1558 1490 1485 1491 44 1471 1524 54 1499 47 1533 53 55 58 1491 1535 51 1560 1240 1428 1473 1553 40 1503 41 1205 1565 1422 53 1517 1260 1285 1571 1567 1565 1513 1507 766 752 1549 1498 1437 1503 59 53 1199 1374 1377 1212 715 1421 1332 1614 1281
40 1493 1201 1511 1202 51 1597 1526 1282 1444 1513 1462 1523 1429 1467 1459 1423 1464 1187 1438 36 54 734 1496 1212 1253 1213 1547 1414 1576 1542 1510 1459 64 1238 1283 1585 1201 1537 1517 1583 51 1480 1553 1258 1530 1538 49 1521 1278 1502 1415 1443 1268 1304 1489 1455 1372 1481 700 1228 1565 1429 1539 1546 44 1439 1426 1582 1418 1458 49 1595 1162 1503 1427 54 1554 53 1262 1193 1500 1508 1280 711 1519 61 1485 1559 1449 1432 1224 56 1195 1229 1321 1503 764 1516 1255
1454 1258 1396 1222 1261 1530 1532 715 1571 1571 716 40 791 1564 1407 1537 1559 1244 45 1225 1218 1497 1467 1478 1463 1500 1280 1599 1541 45 1267 1444 1408 1524 1564 1255 1537 53 1500 1464 1575 1243 59 1179 49 1259 62 48 1504 1471 1543 35 1439 1411 1557 1451 1364 1575 1467 50 1486 1458 734 1518 53 28 1474 1565 1471 1522 1236 52 1609 1262 1529 1309 1485 1262 1589 1548 1572 1512 1473 45 1253 1491 1615 1493 715 1475 1493 1580 1241 48 1543 51 1561 1578 1517 1563
1565 1515 1238 1493 51 1505 1495 1463 1259 52 1544 1511 1248 50 1450 50 1491 1210 1265 1486 1514 1546 1556 1479 1507 1513 55 1478 56 1580 1431 44 1422 1473 702 1519 1469 1231 1249 1233 1518 1202 1438 1573 53 1463 43 37 1229 1549 1453 49 1411 1491 1510 53 1564 1286 1432 1432 1460 50 1584 1510 59 1468 57 1379 1521 57 1185 1450 1467 1529 1406 1323 1512 1524 1555 1516 1293 1506 1276 1535 1489 1467 1472 1452 1507 1236 1568 1529 1480 1437 1329 64 1499 1208 1483 1471
1505 45 1427 1423 1534 1451 1281 38 1407 1421 1537 1430 1573 1448 1456 762 1395 1511 1577 1569 1482 1306 1450 46 749 1497 1515 1509 1521 67 53 52 1504 742 55 1455 1502 1478 50 1490 1495 1420 1543 1483 1435 1451 49 1197 1527 1492 1562 1450 1537 1498 1515 44 1480 1280 1243 1548 1497 1501 1520 1477 1233 34 1471 1519 1650 1523 1522 1433 1493 1598 1606 1561 1558 1473 1525 1520 1267 1421 1508 53 1491 1486 1470 1489 1394 1502 1276 1529 50 43 1446 1236 1524 1557 1270 1478
1242 1535 1255 1502 1552 1578 755 1191 1422 1533 1453 1533 1274 1520 1216 1498 52 1427 1470 1502 1460 58 1538 52 1203 1261 1533 1512 55 1499 760 1512 1455 1414 1558 1493 1234 1217 1300 53 1541 46 1480 1501 1547 1246 1245 1551 1466 1494 1523 47 1458 1505 53 1534 50 1541 774 1434 1525 1262 51 1478 1543 1506 1464 1487 1566 1477 1231 1505 1198 1432 1494 1396 1517 42 1551 1500 1522 59 1429 1255 1450 1474 1504 1279 1537 1428 47 1565 1546 1208 1570 1548 1449 1579 1598 1572
1403 1556 1296 1526 39 1441 1423 1606 1364 1546 1549 1436 1492 1249 1469 708 1534 1483 1545 1445 1470 1505 1209 1287 1391 1558 1504 1519 1467 1382 1467 48 1521 1492 1480 1559 1506 46 1398 58 1233 1433 1487 1474 1519 1200 1581 55 1451 751 47 1547 1547 55 56 1473 1485 1286 51 1449 1499 1495 1505 1447 1472 1548 1527 1534 1175 55 1400 1251 738 1401 1505 1422 1466 62 1425 1557 64 1496 1518 1421 1499 1437 1259 1406 1222 1399 1280 1497 1508 1518 60 1417 55 1607 1479 39
1535 1555 1431 1625 1413 1508 1405 1479 1612 1545 1464 1235 1437 46 1478 731 55 1479 1543 1468 744 1464 1428 1463 1437 1503 1442 1468 1426 1519 1208 1509 1491 1256 58 1552 1451 1465 1493 1501 1436 1439 50 1471 1410 1424 1407 1285 1449 1262 1611 1519 1531 1488 1520 701 1521 1225 1542 1444 46 51 1343 1521 1541 1402 49 1391 1257 1565 1280 1565 1529 1544 1303 1473 1451 1239 1439 46 1261 1484 1466 1439 1491 46 1454 46 56 1423 1526 1463 1444 60 1423 1454 1529 1238 1461 1479
1530 1521 1456 1239 1543 1441 1480 62 1479 1472 53 1440 58 51 1398 49 1523 1403 1431 1567 1187 1416 756 1295 1423 1422 51 1437 1266 1217 1491 1528 1460 1299 1451 1540 1483 1505 1489 1242 47 1450 55 1433 1575 1456 1483 1480 1455 47 1474 1535 1480 1234 1497 1499 1245 1496 1431 1210 1494 1450 1498 1590 1479 1269 60 1423 1421 50 742 1488 49 1408 1519 1497 1466 1261 1454 1231 1240 1453 1600 1286 1443 1549 1548 1512 1249 1242 1409 54 1516 1274 1292 50 49 1192 1429 1439
52 1483 1303 1432 1554 1540 1407 1309 1456 1232 1564 1219 1558 1466 1510 1419 47 761 1573 1513 1498 42 47 1474 1502 1498 1552 1519 54 1230 1514 1461 773 1426 33 1176 1562 1621 1507 1577 1201 1309 46 764 1447 1168 1449 47 1424 1460 1595 1475 1276 1454 1544 1450 1438 1389 1256 1486 1418 1490 1555 1247 1470 1493 1550 1460 1276 1565 1534 1356 1598 1593 51 1596 1474 1322 62 1264 56 44 1238 734 1447 1612 1463 1456 1275 1517 1521 1506 59 1426 41 1446 1462 48 1222 1522
1517 1537 56 1588 1514 1474 1380 1516 1538 1520 1453 1432 1271 1250 50 1439 1541 39 1278 1553 1461 1534 1428 1428 1460 1545 1499 1493 51 45 1550 1467 1555 1430 1277 1415 799 1456 1529 1536 1245 1471 66 1420 1399 1214 42 47 1488 1189 1451 1293 1598 1488 1617 1427 1475 1429 1532 1440 47 1522 1272 729 55 1549 1524 51 51 1242 1453 1465 1492 58 1502 1569 1231 1375 1494 1372 720 1394 1580 1200 1480 1382 1467 52 1296 1228 1473 1436 1224 1537 1414 1447 1512 1251 1566 1248
1525 1407 1517 1505 1493 1435 1471 1579 1199 1464 1485 1545 731 1238 1571 1272 1520 1422 1487 50 1466 47 1417 53 1234 49 1462 1575 1613 46 1548 1408 1530 1461 37 1459 51 1508 45 1448 1465 1366 52 1529 1589 1465 1190 1467 1496 55 1487 1285 1495 1589 1461 1453 742 759 1520 1556 1404 1441 1397 1484 1257 32 1406 1504 1563 1554 1562 53 1510 1497 1549 50 709 1457 52 1504 1454 1417 1459 1499 1475 1561 1477 1467 1235 1538 1271 1493 1423 1552 1449 1254 1493 1624 1406 44
757 1243 1456 1518 1261 1543 1424 1440 1376 1432 54 1575 1673 1254 1532 1265 1199 48 1432 1518 65 1457 1446 1465 1203 57 1585 46 1439 1556 1473 1454 1575 1453 1247 1247 1554 54 1458 1550 57 1546 1523 1532 1531 1532 1407 50 1419 52 1452 1510 1493 1272 1536 56 1534 1588 1513 36 1401 1410 1524 718 1526 1240 1437 1456 1428 1251 49 1480 40 1461 1477 1224 700 1478 1434 1481 1589 1479 1342 52 1235 1249 1279 41 726 1492 739 1493 1230 1499 1466 1448 1536 1552 1547 1496
1525 1411 1524 1529 751 51 1273 1439 1536 1468 1575 53 1456 1321 1422 1425 54 1357 1445 1513 52 782 1427 1479 1521 44 1505 1513 1462 1468 1526 49 1550 1283 1401 1472 44 1286 50 1443 702 1216 1631 741 46 1468 773 1454 1491 1561 1498 1443 1434 1486 1287 1556 1425 54 47 1544 58 1417 1498 1532 1245 1429 1258 56 1553 53 1539 1540 1255 1453 1523 1504 1414 1290 1261 1532 1496 1430 43 49 1513 43 1567 1489 728 59 1518 1552 44 1275 1431 1441 1468 1527 1524 42
1422 1263 1513 1588 1492 1437 1398 725 44 1505 1418 1532 1476 1206 1165 1540 1239 1411 1450 53 739 1511 51 1485 1209 53 1248 1245 1498 1506 47 1557 1426 736 64 1155 1532 1247 1426 50 1191 1509 1317 1457 52 1547 53 1227 1514 1244 1257 1530 45 684 1461 58 1516 1456 1552 1414 1269 1435 1416 61 1514 1530 1495 1454 1243 1493 37 1211 1437 1437 1303 1548 51 745 46 1522 1514 1475 1495 1488 1655 1191 1491 55 50 42 1274 1268 1510 1467 1534 1446 1433 1534 1569 1484
777 1464 1463 52 1572 1423 1455 45 1498 1527 45 1434 1462 1508 1533 768 1254 719 1480 1468 1587 1503 1422 1408 1520 1537 1453 1461 1525 1518 1484 1421 1252 1411 1525 1249 1499 727 1449 1538 1646 1481 1476 1535 1540 54 1439 1479 1457 1415 1470 1475 1610 1511 1409 1443 1469 1521 1243 1483 1598 1449 40 37 43 1501 39 1477 1452 1275 1413 1536 1472 1561 1542 1542 760 54 1551 1543 1525 1422 1230 1469 1535 1503 1502 1229 44 1241 1245 1524 1437 1508 1578 1467 1480 1559 1275 1480
1471 1533 1193 1515 43 1227 1480 1566 1219 1503 755 1391 58 1232 1420 1265 1496 1475 1492 1207 1533 1478 1525 45 55 50 1230 1252 1431 47 1418 1516 1482 1463 51 1516 1539 1489 1490 1433 1499 54 1456 1386 1414 1590 52 1445 1480 1425 1568 47 1406 1477 1436 1300 37 39 1605 44 1256 1400 756 764 55 1480 1588 1424 1567 1505 1533 1451 1554 1448 1471 1503 1586 1604 1459 754 1504 1438 1453 1474 44 773 1617 1575 1514 1253 1456 58 1240 1495 1473 1528 62 1523 44 1559
1428 770 61 60 1419 1250 1418 1219 60 1516 1486 1440 1468 1533 1484 1583 1214 54 1434 1509 1496 1545 1448 57 1461 1278 1486 1547 1509 1555 1217 1609 1586 1495 42 1520 43 1238 1541 50 1509 1429 1228 1498 1271 1496 1552 1424 742 1248 1474 1569 1562 1433 46 1404 1487 1482 1400 1511 1492 1425 56 1461 1444 1438 1496 1458 1461 1226 1388 1431 1484 1197 1380 1456 1546 51 1458 1456 1471 1487 1236 1508 1486 1523 1417 47 1505 1434 1439 1455 1475 1427 1524 1279 1445 1405 1558 1558
1614 1249 1283 755 1532 1492 1505 1490 1471 1278 1291 1553 1450 1494 1477 1232 1474 1534 1434 1291 1457 724 50 1306 1234 1466 1439 1232 1578 1459 47 1247 1442 1507 1448 1486 49 1521 1469 1301 1406 1546 1209 1419 1481 1571 1256 63 759 1504 1369 1496 61 1542 1618 1560 749 1522 1493 1526 1499 62 1558 1227 1395 1231 1466 55 1455 47 1590 1431 1278 1479 1228 778 1503 1523 1436 1488 1497 1474 1518 1414 1271 1535 1543 50 1478 1462 1456 1249 54 1455 1453 1468 721 1252 1456 1393
1503 1531 781 49 1441 1453 1527 1546 1602 1517 1496 1496 1453 1487 1439 1307 1538 1513 1552 1443 1418 69 1445 1478 1233 1498 1321 1261 1181 1286 1241 1503 1453 1217 1314 1297 1465 42 1435 1548 1432 1431 49 1527 1463 1604 1440 1560 1221 1545 1492 39 1437 1217 1526 1528 1606 1285 1489 43 1470 1506 1407 44 1425 1486 1542 1540 1487 1489 1454 1301 1541 1556 1461 1467 1270 1251 1522 59 1466 1502 56 1234 1477 1469 753 1528 1477 1523 1477 1263 50 1491 54 1534 1592 56 1556 728
1494 1424 1413 1505 1506 1502 1438 1430 1495 1517 1453 1491 1458 1497 1392 1264 1445 1450 41 1410 1470 1552 1543 1556 1509 1556 56 1551 1486 1519 1412 1481 1245 1255 1450 1284 1322 1448 1424 1251 45 56 1477 59 1548 44 1455 1530 54 1379 1524 1502 1516 38 51 1473 44 1486 1556 1588 1505 1246 1488 1510 46 1266 1421 1533 1547 1543 1255 1264 1243 1465 53 1515 1510 1209 1409 1532 1426 1411 1526 40 48 1476 1263 1516 51 1472 1242 1483 1473 1483 1593 1215 50 1183 729 51
724 1204 1565 1427 1401 1251 41 748 1557 42 49 1491 1536 1237 1473 1606 1520 1254 1522 1219 1408 1459 1559 60 1201 1479 1498 1613 1244 1448 47 1537 1463 1452 55 57 1455 1574 1279 1546 1464 46 1493 1228 1462 1474 48 1481 1388 1454 1512 1509 1568 58 1244 44 1220 1177 1238 1533 50 1209 1546 54 1514 1218 1243 46 58 72 1601 1349 1388 1470 59 1441 1283 48 1287 1260 1411 1550 1433 47 53 1530 1500 1537 1461 1591 1463 1239 1218 1499 1229 1243 1277 1367 1485 691
1214 1246 1512 1506 1462 1514 53 1154 1196 1413 43 1518 1455 1524 1236 1267 1485 1444 1536 1267 1533 53 1475 1476 1224 1588 1547 1499 1447 1401 1433 1458 1510 35 759 1525 61 1445 1529 1278 1424 1584 1547 1249 1506 1547 1523 1431 1236 1273 1482 1412 42 1281 56 1555 1474 1464 1526 1549 1530 1483 1645 1480 1277 1494 1488 1506 1427 1402 1511 1219 1595 1470 59 1484 747 1492 778 1532 1418 1568 42 1468 1410 1475 1461 1484 47 1572 1557 53 1500 1374 1566 1516 1535 58 54 1413
1463 1569 1519 1466 1235 1213 1559 1567 1210 1544 1405 1521 1249 1530 52 1490 1533 1487 1530 52 1527 1559 1516 1436 1515 1440 1466 53 1450 42 49 1282 41 1478 1509 50 1494 737 1266 1471 1458 1442 42 1426 1482 1312 1597 1489 1422 1557 1402 1517 1531 1247 54 713 1562 45 1556 1448 43 59 1218 1591 43 1246 55 763 1545 1518 1495 49 1508 48 1412 1522 1428 741 52 1505 1509 1525 1519 1514 776 1205 1419 1418 42 1521 1272 55 1433 43 55 1590 60 1252 1268 1373
56 1577 1235 1442 58 53 1391 1520 1225 1491 1479 1504 39 1499 53 1552 1474 1452 1255 1233 48 1508 1464 1199 1521 53 1243 1217 1480 1536 1562 1504 1554 54 1496 1480 775 1541 45 40 1496 55 1160 1393 1472 1522 1421 1422 43 54 1521 1189 1275 1441 1560 48 1453 1578 1290 1484 45 1453 1533 666 1447 45 1464 1510 1287 1507 1563 1472 1524 48 1457 1198 723 1489 1482 1469 1437 1510 47 1218 1571 1534 1256 54 1503 1450 1487 1278 1631 1562 1491 1526 1318 1517 45 1443
1575 1543 1481 1532 53 1514 1510 54 1514 1547 1543 1514 1514 1502 1403 1566 1457 60 1559 1487 1496 1528 1250 1216 1445 1447 1532 1204 1569 42 56 43 1415 1515 1556 40 1498 1297 1501 1456 1403 1246 1555 1590 1214 1508 1439 51 1435 1491 1467 1245 1457 1222 1480 1551 1462 1572 1444 1466 1605 1572 41 1288 1521 1546 1277 1365 52 57 686 1536 1536 1399 1264 1569 1504 1424 1487 1216 762 700 73 1433 699 1249 1491 1526 1249 1432 49 1247 1484 1439 1208 1505 1514 1181 1484 1587
