32 32 49 95 36 34 73 30 44 62 24 29 32 27 38 54 30 59 29 26 29 27 64 66 32 37 24 27 73 26 33 35 19 29 24 60 75 36 55 30 40 67 76 68 56 34 88 62 28 79 31 36 90 17 28 25 57 57 65 33 60 72 33 79 56 56 24 18 60 26 32 73 58 57 30 57 58 71 49 74 79 65 42 27 26 34 59 66 27 23 38 45 24 22 82 30 37 32 65 58
62 29 20 32 33 65 96 33 70 21 69 30 62 55 37 70 28 67 66 67 59 61 33 39 56 46 25 62 57 63 36 43 25 57 50 27 47 58 44 51 33 31 78 29 78 48 58 32 52 34 66 56 56 62 47 25 68 19 51 25 24 42 61 25 22 37 71 59 68 66 24 27 51 32 40 81 53 26 61 38 41 72 57 71 77 58 70 65 27 28 76 24 26 22 58 27 52 60 30 63
71 70 35 60 79 34 63 21 75 26 59 59 29 57 63 27 37 55 42 70 67 30 35 74 29 69 51 30 43 35 39 60 80 39 46 33 73 40 36 49 71 70 57 32 29 59 64 66 64 57 63 58 34 31 23 23 69 65 21 33 73 52 31 28 29 69 28 59 31 52 53 36 60 38 58 36 58 44 34 67 50 65 30 64 77 69 35 21 35 37 72 27 27 48 27 67 56 65 28 28
22 26 27 27 36 72 26 30 47 41 63 67 27 41 70 62 56 51 37 48 32 64 65 28 29 25 36 53 28 34 62 55 24 58 50 48 29 28 59 65 54 64 70 59 52 77 75 39 33 30 74 66 26 58 62 31 55 45 32 71 73 30 65 31 30 49 51 38 34 30 24 32 40 28 49 61 68 67 28 36 72 27 33 34 62 23 54 45 40 68 34 21 54 58 35 28 33 36 27 72
67 22 51 60 40 45 27 34 38 61 59 26 42 30 36 29 33 30 35 58 24 52 64 80 46 36 47 29 75 36 35 28 58 67 26 54 59 33 74 71 30 28 22 51 36 55 57 22 35 77 44 38 58 53 57 22 30 55 79 37 56 30 25 38 57 32 24 55 43 27 60 67 55 26 31 61 71 51 61 50 63 31 55 59 25 29 32 28 27 76 48 63 22 69 71 26 58 74 61 27
24 57 56 36 24 60 74 86 70 74 43 39 66 29 49 35 77 25 79 50 71 28 58 25 38 22 77 18 60 90 84 55 66 25 23 71 58 27 49 54 55 26 59 64 56 53 73 23 30 28 66 65 64 30 61 35 68 18 36 33 46 68 34 54 68 15 43 56 34 29 39 54 50 62 33 27 32 26 64 76 76 26 21 48 28 33 39 44 78 70 71 28 70 66 37 29 30 23 49 82
68 30 63 44 62 34 75 21 59 54 38 31 57 30 56 27 74 74 54 34 28 61 33 25 31 29 48 25 52 75 53 35 51 35 49 63 57 25 53 70 26 38 37 51 50 35 54 30 30 57 34 32 31 38 54 56 64 57 29 69 61 21 54 56 35 35 52 24 32 55 74 64 46 51 33 67 38 62 65 31 25 51 34 67 60 79 65 55 40 25 65 73 23 57 30 30 33 31 79 47
66 67 28 42 65 20 52 57 47 33 63 30 33 69 42 86 26 31 69 66 48 32 28 76 53 35 47 53 24 83 33 37 40 29 53 21 88 50 70 37 29 28 24 80 55 48 38 45 19 65 17 57 91 60 57 60 20 26 25 34 30 25 64 76 64 42 56 50 22 74 56 24 69 59 67 45 57 29 37 52 74 58 34 59 55 64 32 33 66 29 27 67 51 31 67 33 49 67 64 26
70 55 21 30 61 44 46 67 59 59 52 36 22 64 40 52 70 58 33 68 66 66 65 31 60 30 77 59 60 52 65 43 28 77 63 21 36 28 68 27 34 41 77 30 49 49 35 58 38 66 58 27 71 30 68 59 27 24 54 36 51 53 57 35 67 67 22 32 61 69 44 24 46 54 27 40 62 31 33 38 57 78 60 28 32 34 36 35 54 84 62 54 30 33 68 71 39 22 25 36
42 25 60 56 35 28 60 26 32 27 26 34 41 35 65 30 36 50 64 33 52 21 81 60 43 33 25 30 70 73 64 20 65 59 50 27 66 69 49 63 50 33 44 63 37 40 57 24 26 35 28 54 18 20 67 78 28 24 36 26 20 35 31 64 35 72 26 71 48 77 62 31 60 32 78 32 44 31 25 41 57 25 73 37 21 62 24 39 61 56 44 25 53 37 63 54 40 72 35 30
54 44 31 31 28 38 47 32 31 58 26 31 67 38 68 68 73 27 92 59 60 28 26 29 69 58 27 35 65 33 34 76 48 28 21 61 49 60 25 19 75 40 62 37 73 26 39 74 58 62 56 60 25 31 38 66 50 57 33 75 68 38 60 32 70 42 38 43 23 67 67 50 57 56 30 33 50 23 24 29 32 70 25 21 61 40 59 71 44 72 31 65 45 30 47 75 29 62 70 66
71 40 20 70 43 62 37 50 48 34 50 39 49 51 27 45 57 67 87 68 18 61 54 38 23 30 39 28 53 80 57 60 34 31 19 26 58 59 61 52 65 31 63 34 27 64 25 28 69 30 31 64 65 26 50 36 59 57 65 48 32 32 60 28 30 67 48 60 24 68 37 25 52 32 20 35 49 37 55 71 57 44 63 60 55 74 54 52 28 26 31 31 55 80 25 61 31 72 37 62
48 30 73 23 22 63 31 69 39 54 24 33 63 28 28 56 58 23 31 47 51 53 62 75 54 67 59 25 74 48 54 51 29 38 72 27 44 32 60 28 20 72 65 59 58 54 45 39 30 66 41 26 65 57 52 30 53 62 57 73 51 95 57 35 31 60 37 36 47 23 47 33 65 60 56 74 31 58 54 55 37 66 22 37 29 44 52 28 72 26 28 32 64 38 67 44 67 26 23 52
51 33 28 31 63 32 32 24 33 49 23 30 68 29 29 60 54 42 24 26 59 57 24 37 69 26 70 27 30 71 63 28 29 76 66 23 26 30 35 47 30 73 30 53 29 50 38 52 58 52 52 74 63 57 51 20 27 64 61 20 62 68 58 71 67 55 61 65 37 53 47 32 30 41 26 29 62 38 28 29 26 28 27 30 26 56 20 30 21 57 71 72 54 77 36 39 32 26 34 36
40 51 54 29 34 61 32 57 46 68 56 31 64 52 70 30 35 30 31 56 37 27 35 53 25 61 61 23 23 57 77 59 63 57 30 71 24 31 71 44 58 30 30 47 59 30 59 68 29 35 27 29 20 37 61 71 33 56 58 32 42 57 53 50 24 71 46 52 74 31 34 64 26 29 63 50 75 28 30 35 66 40 66 34 81 57 37 52 40 35 31 60 27 30 59 45 90 26 72 36
59 36 27 63 83 71 30 52 59 55 26 59 39 31 25 55 31 65 24 24 72 32 56 33 29 57 59 65 38 37 46 35 45 54 28 59 38 59 33 49 33 36 55 34 25 24 37 37 37 38 61 56 27 54 61 29 63 42 37 67 55 50 31 29 61 30 33 32 60 33 71 22 61 76 32 46 47 62 27 37 63 34 33 54 54 27 56 56 36 68 27 29 28 57 59 58 74 63 56 31
56 56 68 33 51 79 56 41 49 64 40 30 27 70 44 23 47 35 48 66 61 64 65 38 40 46 26 44 49 76 35 36 27 67 27 25 61 28 41 59 46 36 36 76 15 36 23 30 36 59 63 74 29 32 52 50 77 21 60 40 21 38 81 21 22 32 56 30 63 33 32 35 62 75 38 74 59 61 76 39 29 62 27 77 66 63 29 56 52 22 25 31 63 26 57 26 67 45 72 54
34 85 60 67 70 35 56 61 34 23 73 59 23 69 33 82 80 31 81 52 61 66 38 65 57 32 33 39 28 23 30 34 76 62 23 32 55 33 33 53 77 28 34 60 21 26 38 71 73 24 41 55 31 50 53 57 33 25 56 48 34 63 60 37 35 36 61 31 69 39 30 26 56 79 54 24 63 21 27 52 82 23 24 64 61 30 36 34 29 24 52 33 71 61 92 39 29 60 39 63
61 66 59 55 20 24 48 54 35 50 61 24 72 23 34 32 43 52 61 38 59 62 74 54 41 73 65 30 35 52 42 61 54 68 27 53 60 59 53 66 27 70 26 32 28 71 32 50 39 62 43 35 61 65 60 22 32 53 56 25 34 31 35 24 67 26 57 29 38 30 71 34 35 32 32 33 59 60 45 64 63 58 64 63 55 71 77 63 66 49 64 29 32 33 31 33 73 70 59 30
57 22 50 36 67 59 84 25 30 56 65 60 58 29 36 57 59 65 25 32 62 63 61 22 66 23 34 30 70 26 73 52 59 57 55 30 88 70 26 59 64 24 31 59 26 63 33 55 33 66 31 28 87 58 17 56 38 17 53 73 71 31 27 72 27 22 46 33 28 26 59 61 32 28 28 60 73 73 58 32 56 28 43 71 26 22 17 32 34 78 69 35 33 33 26 38 23 35 54 31
33 40 53 48 31 29 30 23 28 29 67 28 43 67 20 63 23 36 29 51 22 27 38 62 63 77 62 58 55 44 68 35 54 35 33 20 89 82 85 74 57 29 62 51 36 41 40 44 50 21 61 34 23 37 53 62 54 23 72 56 60 65 47 41 21 37 25 24 32 28 34 31 28 49 68 37 72 58 55 26 31 52 28 52 59 29 64 79 72 26 25 32 57 51 87 54 24 31 38 30
26 66 31 20 67 68 65 34 39 63 51 61 34 53 66 49 63 29 54 59 61 32 65 76 27 29 35 36 45 57 30 50 24 21 26 59 35 53 24 53 54 26 20 39 36 42 55 33 57 45 48 54 28 35 53 28 50 64 59 40 31 61 50 39 56 32 41 54 33 29 42 25 29 53 60 58 72 31 30 67 29 60 36 56 75 51 28 26 37 30 61 29 48 66 27 46 31 26 54 45
25 30 67 35 25 50 40 64 23 19 78 73 33 55 53 55 79 51 22 58 22 22 63 65 22 50 71 72 19 54 34 59 27 28 49 33 66 31 45 43 61 71 27 35 18 57 62 36 62 67 70 52 28 53 70 29 40 39 33 30 32 31 36 35 67 38 66 57 73 31 72 29 26 46 54 29 52 53 62 61 37 55 20 30 66 65 41 19 25 31 57 69 33 31 56 63 30 38 31 36
57 38 68 74 81 58 59 59 59 34 55 21 28 61 57 32 34 17 49 42 84 27 52 37 58 22 58 58 64 27 28 31 26 32 35 63 28 29 41 78 69 41 27 59 39 58 64 68 33 29 24 27 58 62 62 50 53 24 58 25 28 41 73 66 64 70 50 31 61 32 54 53 39 24 27 32 64 52 23 31 54 36 74 46 30 61 70 51 59 66 28 30 71 35 23 32 31 54 73 68
28 29 21 31 48 27 55 54 62 29 19 56 34 71 24 27 30 33 26 30 29 51 43 62 47 52 29 35 23 59 25 24 42 63 30 30 67 62 65 75 59 80 59 21 25 61 27 61 35 49 57 67 60 25 62 64 27 64 53 67 81 68 42 53 61 68 76 26 53 26 41 44 32 33 28 26 62 68 30 53 32 57 61 85 59 55 33 64 41 57 44 61 58 59 62 40 64 64 48 23
28 76 56 33 36 65 72 32 19 19 25 66 28 39 22 61 58 56 28 30 59 50 39 37 35 21 71 36 71 44 35 46 45 30 62 23 56 54 67 35 30 59 34 64 49 29 33 33 31 38 66 63 61 37 56 56 28 66 30 60 32 54 50 49 32 73 29 67 32 27 50 74 31 76 28 19 34 55 62 28 29 69 60 59 35 62 66 36 28 63 37 71 32 26 30 68 60 46 67 47
37 55 69 85 29 33 29 28 56 53 29 55 60 60 46 68 32 30 19 70 36 36 39 35 38 59 30 40 39 40 64 30 33 35 80 43 36 56 70 67 49 71 64 36 59 30 67 66 34 22 28 79 49 64 49 25 57 35 62 38 70 28 75 63 28 76 34 64 52 54 24 57 66 60 69 26 26 69 64 40 45 70 67 65 34 31 22 41 59 28 33 63 31 70 51 68 81 33 61 49
36 85 58 31 58 34 60 46 23 57 57 26 37 40 22 54 31 36 30 30 36 63 50 74 34 53 31 31 71 27 51 72 58 64 48 33 59 30 27 33 71 53 53 29 23 66 49 48 25 66 33 58 26 57 22 53 30 61 27 26 55 27 27 34 32 26 50 23 58 36 21 42 56 69 45 54 65 49 75 63 26 27 33 59 74 50 36 57 36 29 41 49 30 47 34 25 35 61 30 32
61 28 70 26 57 62 35 28 74 63 77 65 48 18 59 64 68 70 29 58 57 34 71 78 55 67 33 23 62 24 31 21 31 23 26 39 62 78 45 26 30 61 27 71 34 25 28 56 55 58 37 25 33 31 38 72 29 50 32 30 57 61 70 70 56 33 21 24 53 35 55 57 55 25 72 41 68 25 65 60 62 18 22 30 26 63 31 34 38 36 59 22 31 74 39 60 56 30 24 40
62 74 51 32 65 58 56 64 43 74 51 27 29 32 35 28 35 55 32 44 31 85 29 20 31 61 26 64 33 71 33 30 54 27 24 63 31 22 20 63 33 30 39 65 33 40 28 29 82 46 38 57 61 29 52 31 28 50 51 65 66 58 85 50 63 60 41 63 34 61 29 53 41 27 85 36 30 47 38 72 28 71 35 60 32 38 24 29 40 34 60 51 63 34 65 58 54 24 66 18
40 35 46 68 31 28 41 72 75 58 36 33 32 72 22 35 34 63 29 34 74 62 50 62 32 55 65 56 25 29 29 32 33 26 32 27 74 28 68 55 38 35 51 38 58 43 67 63 28 30 25 42 29 27 59 20 47 27 33 69 25 47 33 59 39 32 77 62 39 32 30 71 26 71 31 48 52 69 57 35 24 26 59 53 59 53 39 22 60 75 28 63 46 25 29 42 36 68 53 49
47 24 72 63 35 63 28 23 48 72 53 50 34 27 58 26 17 67 33 74 62 34 37 63 28 26 62 59 28 55 32 62 38 44 24 54 61 33 69 72 50 33 30 79 32 31 48 33 52 42 31 44 61 28 62 43 32 53 27 24 22 75 60 64 41 56 31 37 30 24 59 28 56 44 57 19 26 28 62 62 60 24 38 56 69 26 37 60 76 22 74 32 25 28 32 28 50 50 64 66
26 28 22 61 25 60 68 29 29 29 56 29 79 45 70 58 72 53 60 61 55 47 62 32 56 67 53 41 26 74 66 37 58 43 21 71 50 20 53 52 39 86 48 69 34 65 21 27 64 15 38 61 29 68 30 26 43 21 71 27 64 45 67 23 36 38 58 32 31 58 75 64 27 28 54 55 54 39 70 26 73 22 56 27 26 28 68 39 69 26 28 59 30 38 40 61 39 30 56 40
43 52 69 61 33 30 45 64 55 26 33 33 58 51 21 72 38 24 35 31 38 35 27 27 58 23 37 31 61 53 31 27 46 78 25 81 28 65 54 21 29 32 41 73 58 27 25 41 66 36 39 23 37 69 26 31 36 29 29 54 73 53 76 71 43 35 31 54 32 25 24 25 28 50 47 60 47 50 32 58 37 62 54 43 33 72 27 29 64 79 31 50 30 61 51 55 71 65 67 67
33 38 58 34 29 64 27 53 60 26 52 80 57 61 43 60 54 66 39 31 24 57 57 47 26 24 58 73 28 30 50 26 51 46 32 41 47 57 59 27 66 30 60 71 29 75 59 84 29 30 29 30 56 30 76 29 32 37 27 72 30 62 61 52 25 80 48 63 72 49 21 33 38 30 46 45 25 28 31 63 55 22 23 30 30 79 33 25 20 30 46 79 21 54 54 72 65 39 56 57
30 52 44 51 79 31 67 19 81 55 33 37 52 49 34 34 27 33 51 26 50 19 53 60 70 59 34 40 36 24 73 23 60 55 31 31 54 75 71 30 34 26 42 63 30 57 35 91 49 58 33 28 70 53 50 24 57 43 49 74 78 61 29 73 56 73 32 24 60 58 43 31 62 60 54 26 60 26 57 55 28 56 77 32 65 60 53 46 28 68 34 52 23 26 39 30 54 59 65 51
62 49 23 61 66 33 34 48 25 58 26 53 54 59 36 51 53 38 71 27 30 32 32 34 68 32 39 36 22 34 29 35 36 71 39 59 33 30 54 25 28 55 26 25 60 76 26 18 41 60 78 22 31 54 64 45 74 29 25 26 63 37 61 38 69 28 35 71 35 75 38 31 65 27 33 59 31 50 68 37 54 24 59 29 68 22 58 24 37 25 51 75 54 28 26 35 48 33 71 59
29 22 31 58 65 57 33 27 55 67 37 64 27 32 24 66 31 28 45 70 29 29 69 36 30 26 29 16 42 62 31 60 42 14 29 25 29 70 38 32 73 33 17 20 79 59 56 36 60 30 53 63 55 20 20 40 61 73 95 62 29 47 60 68 71 28 28 22 24 75 57 34 31 31 60 29 27 25 29 66 33 48 24 62 67 54 28 83 52 21 58 79 36 28 55 58 73 60 52 71
63 28 24 66 29 55 58 33 33 59 31 68 63 37 29 53 27 41 33 46 33 47 31 34 31 79 28 48 29 32 60 57 25 45 32 20 77 57 44 29 64 36 56 32 30 22 30 22 70 29 56 71 61 58 35 36 51 33 66 58 35 43 34 68 39 33 70 63 38 64 71 48 65 29 37 71 51 38 36 34 60 82 21 51 55 61 68 65 58 60 64 27 76 63 50 28 29 37 31 62
24 36 28 33 29 41 33 56 33 77 74 73 29 32 39 53 75 72 80 64 19 55 27 25 74 100 27 30 56 23 66 57 70 35 55 27 53 53 14 38 59 48 37 64 26 23 58 34 61 24 62 70 72 70 36 63 36 38 54 22 73 22 55 25 74 35 67 28 44 17 54 38 67 59 63 60 66 29 28 64 53 59 61 64 35 23 56 31 38 24 22 50 38 55 63 73 29 30 48 65
70 29 43 60 61 68 30 40 31 57 71 20 47 38 34 58 78 52 45 51 54 31 21 58 32 46 47 38 56 59 22 65 39 26 55 54 32 27 28 36 33 62 27 30 70 60 69 29 55 35 23 78 32 61 23 31 40 27 50 37 32 53 24 56 28 56 48 35 31 30 51 63 21 28 33 62 77 56 28 56 24 28 32 33 68 35 31 73 39 25 52 52 24 59 68 40 41 77 27 59
66 32 20 39 60 69 28 51 59 59 24 66 29 67 54 61 38 29 34 53 49 51 31 52 61 31 69 66 58 27 29 26 59 69 33 72 32 31 55 22 29 48 26 57 80 51 26 68 75 63 67 60 35 38 44 70 63 25 52 49 29 64 29 58 52 78 25 34 31 79 38 69 28 30 44 38 75 53 54 26 31 18 75 36 63 31 53 25 55 52 72 70 61 33 30 29 27 34 59 59
18 38 53 32 51 28 59 64 54 44 37 30 57 50 52 88 30 63 51 31 23 67 27 33 57 24 53 66 27 59 35 74 56 45 28 30 58 34 69 28 73 27 62 64 69 30 58 60 27 35 64 38 33 68 56 54 32 34 57 27 45 25 69 35 51 39 41 58 38 44 53 34 67 35 27 31 30 28 33 48 30 53 53 43 33 41 76 32 25 18 64 27 28 35 27 31 28 65 26 66
29 75 61 51 40 27 29 32 76 32 67 36 27 58 68 35 72 55 32 59 36 27 36 24 66 26 27 30 37 69 64 32 51 28 53 34 32 71 22 60 32 64 80 57 54 40 37 54 44 57 68 36 32 53 41 22 66 34 23 58 54 59 55 30 56 23 70 36 30 54 24 23 55 67 35 38 79 32 33 25 27 29 35 75 64 51 53 50 29 66 30 56 26 65 36 60 57 54 97 51
55 55 34 30 61 52 31 47 32 19 57 26 48 60 71 55 39 54 60 63 51 72 35 34 24 73 61 29 63 29 32 24 50 63 56 51 30 74 51 22 63 50 39 64 30 22 23 59 71 17 29 37 56 26 27 43 40 63 24 34 50 29 67 62 62 56 53 33 68 58 35 29 26 55 52 78 50 20 25 53 62 27 24 26 57 42 31 60 51 30 29 64 67 34 63 29 56 29 24 74
53 24 64 36 60 66 66 78 35 26 21 58 34 29 62 54 65 65 31 31 28 63 32 25 30 74 28 80 31 53 31 29 35 26 27 33 51 31 56 67 47 63 45 27 37 32 36 54 65 74 23 33 61 30 58 64 73 50 62 63 55 32 73 57 67 33 30 36 52 30 69 43 50 56 48 53 60 54 60 32 33 68 24 57 61 58 57 62 56 59 29 43 36 57 31 23 18 78 60 39
70 33 58 76 59 57 44 29 38 44 36 58 49 63 73 71 31 32 33 40 24 72 58 23 68 36 51 42 22 62 51 66 23 18 34 24 37 56 69 74 34 69 27 49 73 71 46 25 32 33 33 59 32 50 63 55 23 32 51 34 41 54 61 30 58 35 32 42 57 33 50 43 31 27 22 52 23 59 22 67 37 27 57 24 25 38 33 31 39 27 23 33 30 41 69 30 41 28 47 67
52 36 27 64 49 38 52 61 26 23 21 28 33 58 47 61 60 27 37 42 29 62 23 61 26 80 41 27 49 26 38 58 30 63 30 28 49 31 23 23 25 38 68 50 52 68 57 53 33 56 32 49 34 30 59 24 17 37 29 17 41 69 67 67 23 43 29 51 36 40 34 25 50 24 30 50 51 63 24 47 38 60 25 28 52 62 66 33 29 63 62 56 73 66 67 60 41 22 45 32
70 29 57 34 33 29 28 68 37 33 52 30 61 28 24 64 26 65 52 42 23 29 31 31 23 64 57 68 33 32 35 29 30 59 43 64 65 21 35 38 41 56 44 30 37 40 50 69 57 69 58 59 42 30 73 37 24 31 20 28 60 30 57 61 56 31 26 66 32 42 75 35 38 51 68 80 76 28 25 17 70 56 64 32 32 77 30 34 50 26 71 57 29 23 65 27 45 27 20 60
82 20 27 26 32 23 31 73 27 70 62 59 35 32 62 58 20 37 38 31 35 37 35 29 50 58 50 51 82 24 62 21 25 46 41 34 57 55 65 24 36 61 42 27 63 75 25 32 60 28 58 29 57 26 31 31 56 60 63 71 62 24 31 28 37 31 75 57 28 37 52 50 61 56 27 63 35 29 65 32 48 36 75 62 33 50 67 39 55 31 74 60 71 23 25 49 39 34 71 59
26 60 81 34 54 31 60 23 69 24 31 37 74 30 53 24 63 89 38 44 33 66 32 20 47 46 67 32 24 37 27 65 61 45 45 35 59 50 26 61 30 69 24 64 60 69 33 76 65 60 61 51 30 24 63 65 24 69 28 58 55 53 64 48 20 54 22 22 44 68 34 48 49 70 64 54 75 28 56 26 35 60 58 70 57 31 78 26 71 65 30 61 54 58 48 61 71 27 54 47
54 36 58 57 62 35 67 35 31 70 49 49 62 30 29 58 30 41 33 31 32 31 27 65 48 29 27 26 22 56 20 39 50 23 29 28 59 34 29 66 32 59 38 54 35 47 25 36 59 32 39 49 55 42 71 41 34 61 76 34 31 71 49 75 69 30 35 62 25 30 53 28 57 28 63 62 40 34 65 55 34 52 25 22 29 62 26 62 35 33 75 37 79 61 40 34 32 82 27 36
56 68 34 60 29 53 53 31 55 32 51 60 54 25 67 48 79 65 68 71 73 31 24 54 58 31 63 64 26 51 28 64 57 37 58 40 64 77 30 58 38 39 30 20 20 26 61 51 30 50 58 34 56 67 32 16 54 62 56 26 51 44 68 66 40 74 62 44 82 35 53 65 62 68 40 50 60 60 26 20 75 69 50 77 32 48 23 54 52 77 56 33 26 33 28 30 76 57 29 47
28 26 78 82 62 27 53 31 46 60 30 26 66 56 84 41 42 60 61 31 31 57 34 57 68 49 70 65 65 70 50 47 34 29 44 59 27 57 71 60 75 62 26 61 29 26 60 35 25 60 29 60 32 24 35 62 30 24 33 62 71 65 32 32 67 39 36 57 68 57 62 55 31 43 67 47 41 78 29 59 29 25 65 39 28 30 57 35 30 31 68 49 33 54 32 62 55 60 29 28
33 69 58 38 44 62 27 78 27 49 67 59 68 31 22 51 63 55 59 71 32 72 27 36 36 57 41 55 56 34 72 50 76 26 58 56 58 65 30 76 22 70 28 66 84 24 59 63 30 52 36 62 36 47 67 55 31 42 32 65 37 66 56 28 32 46 32 28 33 55 66 64 40 69 61 65 26 29 62 42 69 23 62 33 34 73 31 62 24 25 26 83 56 55 69 33 32 53 25 23
42 71 30 34 66 63 27 44 66 31 69 22 59 31 30 58 79 25 33 39 50 55 66 70 29 69 34 61 27 35 53 38 30 30 26 28 58 32 33 30 54 23 29 30 74 49 62 66 65 36 58 28 33 38 49 61 34 38 29 55 57 31 37 74 55 22 36 35 66 44 32 23 35 69 54 26 30 40 59 71 37 28 32 58 59 78 59 70 47 32 55 58 73 38 92 45 62 44 26 61
34 56 34 35 23 47 58 25 57 26 24 60 66 68 33 57 60 59 70 50 20 62 26 29 49 42 54 64 45 62 34 68 78 34 37 64 51 33 28 25 26 24 29 49 38 23 68 29 29 26 42 35 26 46 26 64 30 60 27 67 31 76 32 58 47 37 25 77 49 34 69 67 59 53 82 38 27 72 58 75 38 33 54 30 58 31 23 36 64 70 70 58 67 37 51 28 61 59 35 32
56 60 64 70 76 53 33 54 30 38 53 25 60 40 65 54 44 23 29 52 59 31 42 65 75 31 44 63 60 31 50 69 71 62 47 61 30 78 74 55 30 34 23 35 27 75 33 32 24 29 33 59 59 33 55 37 25 24 43 24 27 68 61 37 51 36 71 32 39 65 30 59 78 24 32 54 31 59 18 26 34 33 54 55 48 33 36 44 35 34 89 35 14 24 44 27 68 57 32 76
82 48 32 66 54 58 34 33 55 31 73 31 56 55 31 23 25 33 51 48 59 61 29 33 22 68 33 71 65 25 56 29 33 24 78 36 37 28 24 30 55 73 27 32 33 31 30 51 73 38 76 59 70 31 32 87 63 60 55 68 26 57 26 46 30 66 66 31 78 30 32 54 30 35 38 31 60 33 22 62 57 29 58 54 25 82 46 24 28 29 52 25 54 57 40 25 32 56 38 20
62 85 59 74 26 33 63 53 44 64 39 66 37 26 65 40 27 53 68 73 26 73 68 34 38 36 34 28 26 41 29 57 39 25 67 61 64 56 27 55 27 57 31 53 43 25 34 35 32 31 64 34 62 33 49 36 34 69 61 51 23 26 53 59 27 81 56 49 64 70 55 31 25 58 53 33 58 28 52 34 58 44 67 39 25 74 23 64 78 50 32 29 67 26 38 29 38 50 30 33
28 30 67 88 60 69 31 63 54 28 29 74 33 34 39 34 36 25 62 53 38 61 17 23 56 35 48 75 68 36 49 61 70 51 60 26 52 38 46 52 29 32 40 22 34 73 56 28 34 23 60 27 24 58 28 36 65 64 34 34 27 36 67 53 65 22 69 30 73 59 68 70 31 63 32 26 40 48 31 69 27 33 24 71 42 34 49 28 26 46 52 23 56 38 25 30 30 30 50 56
59 67 71 37 46 27 57 29 73 51 32 41 51 56 30 22 78 53 66 28 28 35 17 20 32 35 29 59 76 37 66 23 37 60 34 68 57 56 60 28 56 48 78 29 31 54 33 48 13 73 50 59 30 57 38 35 79 72 30 34 52 27 33 24 28 29 22 38 25 55 26 68 36 70 56 52 54 63 50 71 64 66 70 30 31 66 24 63 46 51 50 55 40 58 60 24 86 37 30 54
30 40 68 54 23 26 69 43 64 57 26 60 57 35 29 27 39 48 37 54 60 34 19 63 29 39 46 58 73 28 59 47 31 41 35 69 74 33 51 27 36 47 71 57 72 57 65 37 37 54 23 23 72 78 26 35 62 23 48 58 67 25 58 42 19 34 70 27 55 33 49 38 20 20 30 66 21 64 68 70 25 29 29 80 32 35 34 42 46 39 30 67 58 73 35 54 46 65 55 66
59 71 28 55 29 56 19 60 38 50 14 58 35 58 66 50 61 25 62 57 35 29 41 42 26 26 73 41 67 57 66 20 20 30 30 57 62 35 78 69 33 26 32 16 43 61 52 65 25 38 22 60 27 49 37 57 28 84 57 21 37 70 20 45 83 35 67 79 37 30 78 27 32 40 52 67 77 34 23 34 59 67 32 44 35 31 36 34 55 68 56 61 59 30 19 37 73 27 28 63
74 34 32 30 32 31 37 21 68 23 38 36 61 49 38 59 27 33 58 64 27 22 65 31 29 29 71 33 40 74 49 30 34 22 30 65 55 59 50 58 21 64 36 34 67 54 35 28 30 33 49 63 34 27 35 34 43 25 64 67 36 53 25 61 29 62 32 46 70 34 58 61 60 75 33 28 47 26 75 44 24 59 22 63 59 42 60 66 33 61 37 35 30 20 29 34 48 24 28 30
65 60 31 29 54 51 20 58 75 57 31 55 55 62 63 59 62 85 31 35 27 53 65 31 32 29 57 51 50 31 56 50 56 73 29 27 25 24 57 32 71 21 87 66 56 55 31 34 58 18 50 49 26 72 26 29 36 49 36 64 40 49 24 44 25 27 64 58 70 70 67 78 56 76 57 26 30 30 63 25 21 65 60 37 27 28 43 19 47 35 23 29 27 70 39 67 61 39 26 69
57 27 76 53 18 70 31 65 32 27 23 55 90 63 34 30 66 63 72 34 59 65 32 57 37 36 22 53 32 64 59 22 27 24 60 32 66 74 55 54 31 63 45 29 48 66 69 74 27 60 40 64 23 25 61 32 31 29 62 53 73 35 35 46 66 35 25 74 55 48 30 78 36 31 26 26 66 31 24 62 36 62 28 70 59 61 29 24 56 41 36 39 59 47 43 70 58 64 75 67
59 67 59 31 68 52 36 32 71 61 59 36 57 69 39 26 53 50 35 25 52 26 29 51 59 71 24 29 19 55 68 25 53 32 39 61 82 28 53 32 48 60 37 36 27 44 81 28 25 25 54 43 58 26 39 82 26 27 72 33 36 63 31 30 43 20 21 43 66 72 66 35 45 29 43 77 31 35 54 21 39 31 59 59 49 28 33 43 36 93 59 70 58 57 35 69 32 28 41 37
43 61 36 48 35 58 62 31 64 39 38 64 64 50 35 85 33 28 75 56 41 33 30 25 40 57 30 66 33 60 30 23 18 26 31 51 73 28 52 65 26 56 61 61 32 66 28 46 26 57 62 25 69 58 37 65 65 75 53 34 67 38 29 26 38 53 36 63 58 75 65 27 34 77 36 36 50 61 33 40 29 44 65 25 69 26 72 77 48 31 41 46 37 33 61 49 41 53 74 51
35 55 23 65 61 56 30 27 85 64 58 83 28 69 42 65 29 51 63 61 56 45 60 28 59 32 35 58 68 66 27 17 36 23 56 18 22 35 25 32 65 37 48 27 83 72 62 38 28 56 57 26 36 68 66 26 74 32 29 32 37 56 53 55 68 51 28 60 65 24 68 63 75 54 16 42 29 26 19 34 55 30 48 50 52 24 55 26 34 35 21 57 71 64 42 76 80 60 74 32
58 30 61 73 20 22 39 45 36 57 44 61 45 67 65 59 61 67 31 62 50 68 28 30 57 26 65 53 36 35 30 29 33 76 69 32 55 54 56 26 60 39 30 30 40 49 27 63 64 16 49 24 62 68 68 50 56 57 68 58 61 31 35 29 70 31 53 25 61 58 52 56 57 46 33 58 68 53 65 31 67 35 60 66 49 64 26 31 64 31 65 28 69 29 51 78 29 32 26 32
33 45 24 50 32 33 53 34 38 64 54 59 29 24 33 59 71 56 79 63 24 46 26 66 19 65 24 29 32 80 30 40 74 48 41 30 29 63 77 53 26 29 25 53 44 32 55 58 58 82 60 58 71 60 62 37 65 72 35 32 75 26 65 32 27 58 71 64 32 51 57 23 52 61 27 68 26 26 27 60 29 66 30 33 30 26 61 66 64 63 28 35 86 28 40 31 60 37 60 35
39 40 51 42 91 26 28 58 72 37 57 66 64 66 30 73 33 58 30 49 65 30 32 71 67 45 27 41 71 69 29 35 66 65 53 76 73 29 28 61 62 38 75 47 28 31 65 31 66 28 28 27 61 57 29 64 71 33 37 63 85 76 63 22 73 55 62 35 24 51 34 31 55 36 30 58 63 81 35 56 30 46 49 58 33 23 31 30 59 53 61 16 40 32 49 68 36 27 31 57
57 28 57 23 59 26 29 25 61 37 59 68 64 32 42 59 31 60 31 30 27 26 73 22 30 31 59 62 60 72 62 37 70 31 28 25 31 56 35 61 65 32 36 45 83 54 32 36 52 30 58 55 70 59 68 54 38 36 25 56 64 37 37 32 57 64 60 45 34 25 24 54 52 28 69 37 28 27 26 67 23 67 47 52 68 61 29 58 21 32 74 54 64 38 31 30 56 41 77 50
50 41 38 23 32 56 60 53 34 33 59 70 54 32 28 54 34 42 55 75 58 23 29 33 45 67 77 33 53 27 38 32 52 34 42 30 37 65 52 33 28 30 31 31 80 58 26 55 58 58 43 61 24 33 67 33 27 35 34 20 69 46 38 33 65 56 33 27 39 25 41 70 29 91 29 37 76 64 39 28 25 66 32 28 25 32 55 54 27 26 28 77 51 65 65 32 50 65 33 77
32 51 68 21 65 38 25 23 61 67 56 25 27 55 52 52 54 51 71 75 28 42 39 59 65 77 77 39 47 28 28 26 63 42 66 66 26 69 25 33 20 26 47 31 49 34 64 35 51 59 30 58 52 88 68 23 62 54 68 27 72 16 60 28 35 42 63 54 31 64 59 29 21 67 26 52 24 29 26 80 70 19 31 72 32 47 29 53 27 47 53 67 33 80 56 73 37 21 26 71
58 68 50 67 71 30 31 29 26 20 47 24 39 58 61 22 30 64 28 68 60 54 52 45 57 51 68 28 22 34 63 69 63 37 22 63 35 25 28 72 30 69 37 77 28 70 36 37 31 61 74 27 60 71 28 36 67 23 55 31 58 55 28 51 28 27 62 27 29 32 84 29 36 89 27 78 61 64 30 33 32 23 41 27 61 64 23 57 39 63 23 26 57 37 29 32 30 32 26 32
31 24 77 50 37 74 31 63 72 41 28 59 69 36 51 32 52 62 59 58 21 30 28 63 71 63 35 64 36 30 51 34 53 49 33 51 54 85 66 72 20 80 55 48 38 53 34 37 66 35 56 29 41 35 36 25 36 67 64 70 51 44 31 55 17 76 45 69 53 32 71 60 48 34 51 57 31 31 31 57 55 32 65 26 37 52 57 61 52 62 24 61 48 59 58 38 52 58 28 46
45 40 69 60 29 53 82 40 67 68 30 46 26 45 52 38 63 28 35 40 54 68 65 35 34 67 25 26 30 42 28 34 34 34 31 59 42 63 29 30 51 49 29 61 65 69 29 69 46 59 33 67 55 52 29 29 52 75 74 25 37 19 29 57 68 22 62 40 28 25 28 35 60 35 23 29 26 64 33 23 80 53 34 34 50 57 29 60 50 31 75 30 41 34 51 80 36 30 59 64
78 29 50 65 23 24 23 72 56 30 70 24 69 32 56 54 39 54 56 66 49 33 29 34 66 84 59 35 30 52 32 33 52 54 20 55 69 72 59 44 27 23 27 60 33 65 67 24 32 60 28 26 16 33 39 25 39 29 29 57 30 64 28 28 33 43 47 59 33 25 80 28 78 65 24 61 48 34 18 67 26 34 56 66 67 82 30 60 68 48 37 33 24 77 29 29 41 17 26 32
56 32 73 37 25 50 30 32 53 30 26 49 53 67 58 37 30 64 34 53 66 57 67 55 63 32 35 32 55 64 68 26 29 72 24 38 27 44 54 37 73 59 70 29 56 63 23 32 58 31 44 29 30 34 29 68 44 75 23 52 57 68 50 55 27 25 22 26 71 35 61 78 37 54 58 52 47 30 65 38 33 27 23 58 37 51 69 55 63 56 59 30 33 26 27 56 31 36 57 39
21 28 66 29 59 66 57 60 31 42 31 55 62 35 53 51 28 59 31 50 30 54 63 51 51 24 52 73 66 37 63 63 65 67 24 28 62 37 23 60 60 53 31 39 67 43 53 73 59 83 30 34 24 25 43 30 51 65 30 49 36 35 73 22 25 58 40 54 74 23 69 28 18 34 80 47 57 60 62 38 81 53 74 68 45 44 48 40 31 54 28 48 30 46 57 64 33 53 54 21
22 62 65 69 49 67 66 25 66 60 30 59 37 33 47 24 27 64 47 28 70 56 33 65 64 64 39 56 75 82 36 58 54 69 29 55 41 31 53 83 24 48 37 41 31 44 64 44 51 26 33 38 64 55 36 28 65 28 49 53 26 47 31 30 46 71 32 50 59 38 40 65 18 47 26 32 61 67 61 71 70 27 26 74 50 27 50 34 68 72 63 46 29 60 72 37 31 69 55 46
25 50 75 51 24 32 53 65 65 89 29 65 38 63 31 64 34 34 30 28 60 35 25 54 57 61 24 37 27 69 29 47 35 53 28 70 23 27 21 29 68 70 37 27 58 67 53 31 57 49 30 58 68 67 31 52 62 64 70 25 48 25 36 65 63 24 40 75 78 28 27 61 40 31 34 32 48 79 35 67 38 37 73 30 57 26 62 46 61 27 33 51 36 64 33 52 27 34 64 52
28 35 44 28 23 62 43 38 38 38 59 48 72 59 32 54 41 31 72 33 55 23 55 51 27 30 62 65 29 31 28 64 54 38 64 65 44 48 26 31 70 55 34 43 47 80 29 36 19 62 60 77 23 52 24 44 64 66 26 53 26 41 64 21 32 29 28 36 32 73 64 57 29 30 59 36 64 59 50 64 36 60 19 78 47 68 58 39 52 73 65 63 62 29 69 45 26 61 25 59
29 69 31 52 23 46 61 33 73 78 50 29 35 72 25 58 22 66 58 32 54 33 70 31 65 47 48 26 25 34 26 67 31 55 45 57 20 25 28 60 29 67 36 26 37 46 61 61 74 43 61 65 32 31 51 72 33 33 39 23 56 48 65 29 84 31 55 61 30 29 31 32 56 49 32 23 38 62 30 46 55 59 59 52 67 19 53 31 63 26 67 48 57 34 62 58 37 31 62 32
37 67 40 34 63 31 45 30 46 60 27 25 28 67 30 55 80 31 52 29 28 61 53 62 53 33 33 32 57 37 53 56 33 68 57 64 36 37 54 28 27 31 31 21 27 31 45 37 51 21 61 28 31 58 38 40 27 32 34 34 60 71 27 35 30 69 48 57 66 76 34 40 32 59 42 75 34 67 54 38 30 55 52 29 68 79 79 32 28 61 33 53 84 47 31 54 36 23 24 22
25 68 29 24 33 34 76 58 25 53 26 42 60 69 66 53 33 66 61 36 31 30 57 51 32 32 25 31 37 29 64 27 38 74 36 31 33 69 37 61 32 77 26 26 38 44 37 55 23 29 28 63 69 28 80 27 49 29 32 61 37 69 27 41 65 69 90 38 39 31 49 29 65 58 43 48 50 72 79 30 18 60 48 43 24 31 65 51 34 30 57 33 38 62 59 49 57 34 26 40
54 62 28 20 55 68 67 20 29 27 62 22 48 64 75 29 73 68 48 33 30 65 34 49 63 42 62 71 57 37 32 28 58 33 28 66 21 66 64 37 84 59 68 43 40 62 31 68 23 78 72 35 38 21 64 33 59 56 24 57 81 59 47 25 34 28 45 29 65 56 36 78 56 67 68 26 40 33 22 31 54 24 27 36 31 70 44 36 33 30 72 63 51 56 26 62 59 29 33 68
37 50 56 41 22 52 70 28 61 63 42 62 49 22 20 26 68 37 58 62 26 70 55 46 60 33 74 50 55 51 41 46 66 64 31 66 33 38 56 31 29 53 56 33 29 34 56 64 56 57 66 69 34 29 54 45 23 25 77 28 30 60 30 28 35 24 39 45 67 70 63 28 65 30 29 34 37 40 26 24 30 54 64 44 32 29 34 69 29 68 79 36 48 26 32 61 66 62 63 42
58 27 61 55 32 66 33 29 57 25 32 54 34 73 48 63 57 54 58 69 47 55 51 30 40 20 72 59 68 35 48 28 40 54 33 29 24 58 74 65 35 42 66 59 62 29 36 52 47 57 33 34 69 34 57 68 36 17 31 37 63 57 38 38 41 50 25 57 24 26 26 58 32 54 57 28 28 30 36 32 55 56 55 58 35 47 25 31 19 76 43 27 55 38 52 34 32 39 36 24
43 27 35 36 60 87 48 81 31 25 59 52 80 23 31 27 71 40 51 40 37 20 52 36 68 78 49 23 31 30 70 29 35 22 25 66 28 74 24 37 25 62 61 22 67 25 25 52 26 49 58 31 27 51 32 59 58 61 54 49 29 57 27 49 60 68 50 52 48 58 45 54 52 67 45 48 27 25 45 29 33 55 73 40 56 25 62 38 24 47 62 54 76 51 27 68 50 50 33 35
31 83 85 33 34 48 29 56 62 72 64 23 30 23 26 82 47 30 55 54 55 44 32 70 66 48 27 70 38 28 43 82 62 67 27 74 37 52 56 70 57 24 70 60 71 38 78 32 33 34 56 31 31 63 30 33 33 24 26 56 67 32 20 62 55 74 64 25 63 30 48 54 70 32 73 24 34 27 54 52 25 55 28 54 76 65 26 43 68 55 60 81 31 58 38 61 16 77 68 65
26 64 22 30 61 45 22 46 26 28 32 43 47 59 53 68 33 41 31 52 52 37 69 56 70 31 60 76 66 77 53 68 62 65 69 76 57 26 68 36 60 52 45 27 53 29 69 28 67 31 48 37 67 73 57 26 31 63 46 43 48 69 57 36 52 33 31 28 61 31 51 61 31 31 53 61 79 85 24 33 63 68 31 56 48 48 37 23 44 23 35 61 39 43 36 59 21 35 31 28
28 56 63 56 54 53 52 60 15 35 59 58 54 20 63 74 52 54 39 48 49 49 44 44 26 32 32 27 63 23 46 27 58 75 45 74 71 66 62 75 34 26 69 29 61 31 61 20 39 44 42 71 37 32 28 57 20 50 29 24 34 60 58 24 30 78 51 23 28 35 60 65 72 46 34 31 62 71 57 34 46 63 32 38 34 53 77 27 40 56 62 66 28 54 21 86 49 69 33 28
26 62 27 56 59 73 32 30 34 39 31 23 29 72 38 21 25 55 71 76 57 55 26 44 77 27 25 27 78 59 33 53 30 61 23 36 53 22 71 27 57 31 58 93 26 36 37 55 53 53 32 30 26 30 85 40 72 62 64 34 28 70 30 26 34 74 63 30 26 35 30 68 55 67 42 70 78 32 70 62 61 29 57 39 46 66 66 38 62 29 64 71 87 62 64 61 74 53 63 36
73 77 48 48 60 32 26 61 68 54 29 58 57 30 70 63 61 53 58 65 31 29 65 69 63 28 30 54 66 67 69 42 22 25 36 28 35 60 25 71 54 37 36 72 60 26 28 72 54 67 31 62 29 96 38 23 45 61 54 19 30 56 39 48 71 34 75 31 71 62 59 62 31 64 34 29 31 20 36 25 56 30 41 22 55 23 48 68 34 21 23 30 54 62 23 36 26 41 36 35
57 33 62 60 68 72 27 31 72 27 67 35 63 18 39 28 28 64 35 33 64 25 31 44 28 41 61 26 62 32 39 81 36 30 66 28 27 44 94 53 56 48 38 52 59 66 28 20 58 32 49 43 40 60 31 40 29 37 30 59 35 32 71 24 35 82 33 30 27 28 59 29 43 34 57 25 51 23 35 18 24 32 54 76 29 74 69 68 51 54 66 37 70 35 30 32 47 74 69 49
34 40 62 67 35 29 56 59 76 46 56 51 25 63 20 32 63 56 70 99 37 47 62 69 28 30 53 64 57 29 32 19 22 32 58 66 29 34 35 38 25 41 78 72 68 21 59 52 40 21 33 68 82 27 26 39 52 22 68 51 38 66 39 32 58 25 72 29 68 34 29 72 17 29 56 73 34 37 59 52 52 23 26 74 22 35 71 36 32 39 75 90 35 23 59 24 58 19 36 46
16 32 56 22 37 50 23 29 51 34 39 39 27 53 60 23 63 37 25 65 20 48 59 75 58 51 30 61 40 31 37 26 62 45 25 37 60 81 54 57 49 66 26 27 62 31 58 36 54 63 28 63 21 60 27 33 35 22 44 54 30 36 40 59 34 26 61 64 31 40 31 28 37 60 60 26 32 64 28 61 22 40 32 54 32 76 26 26 65 29 36 66 24 54 68 69 25 64 25 37
